138.465164
113.974602
125.572220
113.250969
138.457779
113.381142
125.714684
113.090744
138.362228
113.163322
125.637123
113.220612
138.438217
114.711823
125.514008
114.140808
138.395981
114.043472
125.662872
113.771790
138.315842
113.690948
125.652046
113.938614
138.419800
114.949318
125.322769
115.263435
138.296280
115.525620
125.484764
115.447342
138.332031
115.342384
125.535065
115.118217
138.198364
115.457008
125.062599
115.620049
138.224792
116.074028
125.290321
116.209122
138.275101
116.310486
125.278008
115.961502
138.263748
116.406639
125.152023
115.597008
138.412216
115.873436
124.717354
115.370049
138.537354
115.809570
124.723198
115.319763
138.433990
115.147209
125.060654
114.468880
138.501663
114.394157
125.030128
114.080688
138.619629
114.165901
124.976494
113.976479
135.978745
103.362541
128.150681
103.023315
136.001450
102.873123
128.048691
103.363976
136.160370
103.219086
128.067780
103.736435
135.945618
102.615891
127.816902
102.229317
136.021530
101.919159
127.708702
102.565079
136.208435
102.576721
127.710663
102.889435
136.025406
102.063377
128.084427
102.314720
135.900909
102.108116
128.056839
102.997940
136.048111
102.974152
128.041565
103.141487
136.046814
101.764885
128.145096
102.201103
135.886017
102.259865
127.973404
103.045914
135.908569
103.145348
127.936813
103.253319
135.730118
101.132172
128.201340
101.405098
135.749969
101.459831
127.930466
102.197868
135.869675
102.132965
127.745102
102.711273
135.760208
101.172173
128.471954
101.729477
135.669098
101.644882
128.171036
102.364738
135.704224
102.446068
128.154282
103.245705
133.636108
103.737663
132.695709
108.337898
134.637756
116.978813
129.296234
132.565170
133.825089
145.202652
129.207947
161.781601
133.776306
105.944710
133.109970
112.568169
134.566864
120.882317
129.278534
141.072617
132.440887
156.846039
131.394455
179.828354
133.560120
110.723587
133.305161
117.797508
133.589172
129.713150
129.638123
152.765015
132.283051
174.168518
131.558807
198.387939
133.123566
114.978340
133.053741
125.711929
133.267868
145.218475
132.469238
174.761765
133.112518
200.049133
134.285751
225.947372
134.719757
123.357124
132.025345
137.232437
134.356430
159.190887
131.317688
190.646759
133.405487
217.032318
134.015305
238.087311
135.568832
128.729980
131.248138
148.652832
134.173264
173.326996
131.737991
207.636856
133.482208
226.940247
129.841537
240.302658
121.148987
155.790024
141.594116
157.067963
120.539467
157.109131
141.723434
156.400879
121.438477
153.761597
141.840302
151.749435
121.257782
154.312439
141.717438
154.594070
120.040192
155.400009
141.744354
155.837738
121.244621
153.054520
142.034576
151.662170
121.882759
154.724960
141.351166
154.284042
120.970612
154.626343
142.317535
154.798172
121.047462
152.376999
142.282181
151.579834
121.264763
153.580032
141.153351
153.294830
120.589371
152.457855
142.963821
150.837067
120.011810
149.659271
142.906296
148.882156
121.013443
152.445816
141.150375
152.561295
120.559120
150.974197
141.982590
150.116043
120.916290
147.900742
142.684540
147.487625
120.935768
151.206589
141.342957
151.207809
121.229485
149.942184
142.048279
148.817535
121.428078
146.171127
142.213058
145.554413
140.077209
127.496422
122.569389
127.482643
140.220062
127.397774
122.443367
127.293793
140.307053
127.481354
123.067116
127.262123
139.935349
127.828308
122.508537
127.819916
140.160034
127.501129
122.582191
127.573776
140.271561
127.538689
123.008484
127.316772
139.746246
127.404831
122.696655
127.477455
139.837875
127.499969
122.599815
127.320274
140.118622
127.134430
122.965767
127.014275
139.690979
126.805847
122.731049
127.083687
139.769318
127.186325
122.749718
127.078667
139.841171
127.140450
123.084023
126.920486
139.840134
126.148888
122.592491
126.277306
139.831345
126.491447
122.611160
126.363281
139.712540
126.669212
122.900208
126.345879
139.955154
125.888550
123.177444
126.083191
139.804916
126.249908
122.820496
126.245857
139.708054
126.454514
123.026642
126.203209
132.199280
237.230591
134.357285
242.401505
132.826797
246.250473
134.332520
247.509735
133.515182
245.751724
135.983719
239.714920
133.011612
243.010483
133.636795
247.734604
132.405884
250.245529
134.371429
249.838440
134.762680
246.266235
135.824677
239.813293
133.578217
246.108002
133.411011
251.314041
132.768997
253.438599
134.596512
251.895111
134.707169
246.066864
135.577332
237.000183
133.684799
246.095871
133.012909
250.076965
133.481934
251.503418
134.750397
248.076828
134.513535
241.814667
135.131958
233.547974
133.541595
244.791489
132.779800
246.937790
134.232025
246.444458
134.072388
242.620392
134.870895
237.768921
134.357956
230.091080
133.884460
240.075317
133.022873
238.085815
134.395889
236.206299
132.801056
233.390335
135.213928
229.299561
132.741653
225.565399
126.443375
89.374298
127.680840
89.728882
126.211174
88.806702
127.898743
88.302025
126.782532
87.861664
127.961784
87.926842
126.103973
87.691612
127.603897
87.555626
126.158272
87.586281
127.663300
87.598053
126.794342
87.691841
127.829147
87.621086
126.502159
87.750061
127.788414
87.685722
126.659424
87.673332
127.840500
87.726982
126.704247
87.642784
128.094925
87.556999
126.490356
87.961258
127.825340
87.713188
126.611198
87.782677
127.893990
87.623665
126.696175
87.799110
128.123123
87.616837
126.491920
88.036217
127.834961
87.968254
126.617653
87.938774
127.859337
88.071144
126.864632
87.936501
128.046661
87.881607
126.337929
88.536407
127.800949
88.550507
126.550285
88.475174
127.717804
88.527313
126.716843
88.238869
127.943466
88.060112
132.116226
130.803360
131.503632
127.988823
134.754608
120.335381
134.799240
106.747047
137.149872
94.830452
135.492096
84.978790
132.380493
132.981781
131.613937
130.797760
134.987762
123.061569
134.560165
106.460709
137.009613
92.789467
135.294434
83.402763
132.343781
132.382767
130.736176
130.775696
135.020782
123.624054
134.414932
106.863937
136.656265
91.673683
134.943893
82.530037
132.533875
131.182129
130.712769
129.128448
134.729874
122.502182
133.628586
104.914925
136.097702
90.498032
134.485031
82.149773
132.479630
129.116348
130.961487
127.408363
134.809189
119.985893
133.339554
103.432678
135.821777
91.069862
134.105270
82.086792
131.371796
127.025391
130.964783
122.503235
134.737946
114.926590
133.001266
102.071465
135.655441
91.121033
133.848770
83.427971
133.939880
107.654396
134.571976
95.758698
137.562714
85.987572
135.600662
78.727135
136.375809
75.335258
133.818314
75.117844
133.760300
108.952827
135.057114
97.344795
137.275131
86.346176
135.840286
77.952690
136.423767
75.409706
134.135132
74.739090
133.018860
109.420341
134.444611
99.112938
136.557602
86.710205
135.579834
77.457726
136.189041
75.360001
134.365463
74.913330
132.339508
108.212631
133.517532
99.618393
136.236282
87.510445
134.778473
77.913033
136.105911
75.455360
134.484497
74.955902
132.428177
106.922256
133.195206
99.388695
135.301147
88.556725
134.042221
78.238251
135.789673
75.131485
134.751419
75.288864
132.114899
105.025085
133.055481
99.354401
134.521683
89.695290
133.762360
79.886581
135.390381
76.044960
134.954239
75.182602
135.307495
174.174561
127.674232
182.811691
135.791504
185.999222
129.044708
191.626907
138.378128
194.088730
130.477509
193.043716
134.946548
177.867493
127.741562
189.065796
136.054245
198.026321
128.427979
203.962463
141.449829
206.777725
129.997894
205.706955
133.512772
179.897369
128.806671
194.409241
134.715652
205.694244
128.571762
214.890167
139.761444
215.174179
129.395737
211.429138
134.596909
190.708984
130.052383
204.436615
135.061172
216.379135
128.832764
224.219635
137.856400
223.776566
128.101700
218.323105
133.646057
193.937408
130.193741
209.925812
133.826324
218.344635
128.607742
224.564011
135.267059
223.090942
127.509048
219.269745
134.610748
201.943283
130.132431
213.406174
133.474945
217.370804
129.224350
220.633377
132.789001
221.152908
128.318726
218.107269
134.031403
74.993660
134.406677
75.020554
133.873215
74.964806
134.445206
74.799545
133.598877
75.025589
134.368073
75.233047
134.418716
77.853691
134.505356
77.835838
134.548508
77.289391
134.600372
77.613960
134.381485
77.901779
134.332016
78.405151
133.667114
87.346725
134.508331
86.510048
133.956848
86.113686
134.938980
86.001106
134.474487
85.092873
134.433136
85.529221
132.698074
100.443962
133.919037
100.567810
132.774323
99.099632
134.395279
97.979599
133.654129
96.673119
134.155182
95.816635
131.518799
109.867081
132.249039
111.049599
132.012680
110.677536
132.580383
109.667870
132.803299
107.922127
133.026749
105.651833
131.280441
115.464424
131.002411
117.836090
131.991623
118.611374
131.244690
118.073929
132.182938
116.410988
131.506271
114.827362
140.382111
145.716934
121.498421
146.519302
140.730698
146.064514
121.469322
146.656403
140.646698
146.780380
121.697701
145.907730
140.453903
145.741791
121.446045
146.292511
140.623123
146.374313
121.316635
146.602585
140.643707
146.805130
121.346115
146.178452
140.315063
146.237549
121.452805
146.605545
140.497620
146.522156
121.287193
146.778580
140.654755
146.807617
121.379257
146.380081
140.145004
145.956924
121.459923
146.396896
140.223572
146.399704
121.413376
146.806259
140.496674
146.850739
121.653717
146.171326
140.003296
145.340866
121.457153
145.716324
140.154343
145.810867
121.468513
146.436203
140.424179
146.668076
121.782791
145.504089
139.955887
144.728958
121.597519
145.301636
140.265015
145.384003
121.463760
145.890213
140.503159
146.148178
122.010300
144.860321
127.697174
101.943123
135.782349
102.100693
127.732529
102.070122
135.713364
102.049438
127.711624
102.232483
135.868729
102.203865
127.614990
103.059364
135.763077
103.137146
127.507790
103.033974
135.780228
103.031654
127.539810
103.230896
135.844574
103.215363
127.339989
103.503464
135.765121
103.577499
127.227272
103.484055
136.064667
103.483215
127.202644
103.680328
135.874741
103.697212
127.280174
103.652908
135.843323
103.718117
127.067429
103.784355
136.004562
103.901367
127.006042
104.002975
135.904221
104.143440
127.165886
103.407516
135.902847
103.418442
127.034470
103.511345
136.075867
103.386459
126.815529
103.920494
136.087234
103.988548
127.161560
102.763603
135.746918
102.937645
127.190117
102.653549
135.804703
102.699066
126.973221
102.802788
135.981567
102.916229
125.243065
94.368965
123.017998
94.501663
125.280571
94.476822
123.155533
94.501709
125.218376
94.488998
122.975845
94.572639
125.388695
94.380196
122.944511
94.460106
125.321892
94.517006
122.942413
94.526955
125.331940
94.533684
122.893333
94.552338
125.452911
94.256516
122.916519
94.280914
125.406784
94.458488
122.911156
94.502525
125.382187
94.620155
122.851059
94.650909
125.536133
94.498245
122.999947
94.414284
125.434296
94.556282
122.808464
94.539680
125.523430
94.676620
122.864899
94.589996
125.403908
94.428192
122.891129
94.445984
125.418953
94.608231
122.711212
94.677643
125.504898
94.671242
122.777458
94.586517
125.391212
94.633965
122.952095
94.799782
125.377930
94.701675
122.816307
94.660637
125.508949
94.614838
122.757355
94.510948
132.173264
92.573151
132.434067
92.478355
132.291519
92.392464
132.751312
92.398552
132.551620
91.981903
132.990997
91.812035
132.435028
93.096207
132.590134
93.103394
132.445312
92.997375
132.748749
92.887383
132.696808
92.685638
133.006302
92.244278
132.452377
93.000328
132.553391
93.151962
132.458328
93.203369
132.527496
93.017319
132.504684
92.908836
132.759705
92.512268
132.586868
93.218590
132.481277
93.178253
132.524368
93.290367
132.503326
93.260170
132.634018
93.454590
132.499130
92.940811
132.697968
93.142242
132.451370
93.057220
132.629669
93.079437
132.423447
93.363922
132.629791
93.553406
132.426605
93.262306
132.662857
93.051079
132.677200
92.907684
132.531189
93.288109
132.613052
93.562340
132.468948
93.792694
132.484375
93.740959
129.369232
114.991341
130.492096
115.726707
129.862991
116.868111
130.459152
117.805206
130.636322
118.247185
130.629608
116.669739
129.919327
109.498734
129.200867
110.301559
130.247955
111.919518
128.991562
113.297035
130.463959
113.791870
128.981216
112.908226
130.703674
95.183609
128.119858
95.688110
130.335159
95.970329
128.738403
96.681007
129.604691
97.490128
129.162460
99.184761
131.403091
83.413895
131.037781
83.226791
131.279816
82.811234
131.211304
83.129539
131.160294
84.412575
130.283157
86.330574
131.946884
75.327927
133.003113
74.925095
132.343353
74.824982
133.214920
75.672905
132.091583
75.952110
131.901764
77.168411
133.793381
74.680779
133.684235
74.199974
133.935989
74.593300
133.616486
74.645035
133.763901
75.212471
133.288757
75.783012
125.374077
114.637840
138.296783
114.924149
125.180664
114.912651
138.304352
115.571968
124.961594
115.967445
138.721313
117.707405
125.236931
114.657288
138.200790
114.749786
125.058594
115.113075
138.640305
115.709511
124.830383
116.231705
139.118896
117.899933
125.447746
114.894791
138.245667
115.048645
125.192429
115.129898
138.878830
115.330193
124.860970
115.900642
139.231140
117.183090
125.509270
114.870361
138.310837
114.990601
125.167480
114.993576
138.671860
115.357010
124.938301
115.707870
139.019531
116.520836
125.274071
114.171936
138.468781
114.173584
125.213264
114.526604
138.274597
114.809166
125.013580
115.441376
139.099487
115.578468
125.291489
113.560547
138.378418
113.744858
125.320862
113.819130
138.251724
114.299034
125.130051
114.829506
138.748581
115.391411
134.987152
64.355690
134.508026
64.012276
134.892532
63.846352
134.447220
63.780407
134.890991
63.747593
134.383347
63.890053
134.965271
64.368027
134.694321
64.050011
134.950012
63.882908
134.772644
63.800373
134.996094
63.741177
134.582520
63.889084
134.912247
64.269623
134.729660
63.966606
135.019730
63.852131
134.802124
63.674004
135.051117
63.618958
134.577560
63.916092
134.930984
64.410736
134.821136
64.055832
135.103073
63.839199
134.826843
63.650349
134.964844
63.560314
134.515289
63.926350
134.950775
64.525543
134.911743
64.279129
135.042572
64.094109
134.858673
63.894684
135.026398
63.770481
134.498215
64.232590
134.862411
64.938469
134.937653
64.576691
135.065872
64.254524
134.927887
64.097580
135.005554
63.974609
134.475937
64.390999
123.105629
129.194138
139.304977
129.448883
122.712952
130.021088
139.758606
130.047913
123.160202
129.097366
139.649765
128.961349
122.976509
130.069351
139.374420
130.467590
122.557587
131.052887
139.725204
131.166321
122.676849
129.738342
139.874222
129.368149
122.723526
129.920517
139.341873
130.353210
122.570412
131.361420
139.588028
131.474930
122.644386
130.260788
139.731400
129.864075
122.623924
128.609619
138.994308
129.314194
122.551674
130.599518
139.361526
130.876602
122.588234
129.986649
139.590698
130.020264
123.140747
128.174576
139.162125
128.550568
122.660645
129.943451
139.319855
130.711212
122.773361
130.024597
139.557129
130.124191
122.938644
126.592194
139.513321
126.768066
122.584045
127.678101
139.533051
128.055099
122.638115
127.320396
139.463882
127.430084
132.532516
78.333298
132.639175
77.834076
132.788559
77.549408
132.790405
76.779648
132.964630
76.789337
132.804214
76.707779
132.406433
77.269394
132.788513
76.924858
132.776596
76.370369
133.096085
75.686310
132.906876
75.748253
133.008743
75.823067
132.521347
77.485161
132.817062
76.770874
133.099106
76.236580
133.249023
75.741173
133.179443
75.858246
133.197784
75.950676
132.574783
77.927391
132.672501
77.216431
133.161819
76.001060
133.192017
75.298279
133.067947
75.663971
133.133545
75.767426
132.587891
77.811264
132.578827
77.517593
132.983368
76.514816
133.089203
75.902763
132.937820
76.097000
133.300995
76.047615
132.679321
78.410423
132.526215
78.004951
132.670105
77.497536
133.047134
76.991989
132.783188
77.160454
133.371490
76.876457
