5.000000 0.000000 0 0.008000 0.008000 0.016000 0.004000 0.004000 0.028000 0.100000 0.080000 0.020000 0.160000 0.004000 0.008000 0.248000 0.000000 0.008000 0.084000 0.000000 0.004000 0.140000 0.076000
5.000000 0.000000 0 0.012000 0.008000 0.024000 0.008000 0.048000 0.004000 0.088000 0.084000 0.016000 0.204000 0.008000 0.008000 0.168000 0.008000 0.004000 0.056000 0.020000 0.000000 0.100000 0.132000
5.000000 0.000000 0 0.008000 0.020000 0.028000 0.008000 0.020000 0.004000 0.092000 0.052000 0.012000 0.204000 0.008000 0.016000 0.124000 0.000000 0.020000 0.084000 0.008000 0.000000 0.160000 0.132000
5.000000 0.000000 0 0.008000 0.016000 0.016000 0.016000 0.024000 0.020000 0.084000 0.112000 0.016000 0.148000 0.000000 0.008000 0.180000 0.016000 0.012000 0.064000 0.004000 0.000000 0.136000 0.120000
5.000000 0.000000 0 0.016000 0.016000 0.012000 0.016000 0.016000 0.024000 0.132000 0.080000 0.008000 0.168000 0.004000 0.012000 0.184000 0.004000 0.000000 0.060000 0.020000 0.000000 0.132000 0.096000
5.000000 0.000000 0 0.012000 0.000000 0.020000 0.008000 0.036000 0.000000 0.116000 0.084000 0.016000 0.172000 0.004000 0.004000 0.200000 0.012000 0.004000 0.080000 0.012000 0.004000 0.140000 0.076000
5.000000 0.000000 0 0.012000 0.012000 0.004000 0.012000 0.028000 0.008000 0.104000 0.064000 0.012000 0.200000 0.012000 0.000000 0.168000 0.020000 0.008000 0.072000 0.000000 0.000000 0.184000 0.080000
5.000000 0.000000 0 0.012000 0.008000 0.008000 0.020000 0.012000 0.008000 0.100000 0.096000 0.016000 0.220000 0.008000 0.004000 0.160000 0.008000 0.004000 0.048000 0.004000 0.000000 0.176000 0.088000
5.000000 0.000000 0 0.020000 0.004000 0.016000 0.016000 0.028000 0.028000 0.100000 0.096000 0.008000 0.164000 0.008000 0.004000 0.152000 0.020000 0.008000 0.072000 0.028000 0.000000 0.148000 0.080000
5.000000 0.000000 0 0.008000 0.028000 0.016000 0.004000 0.032000 0.008000 0.096000 0.096000 0.004000 0.164000 0.020000 0.000000 0.160000 0.004000 0.028000 0.060000 0.004000 0.004000 0.164000 0.100000
5.000000 0.000000 0 0.020000 0.020000 0.020000 0.008000 0.016000 0.016000 0.136000 0.080000 0.020000 0.196000 0.004000 0.008000 0.156000 0.000000 0.016000 0.068000 0.000000 0.000000 0.136000 0.080000
5.000000 0.000000 0 0.012000 0.004000 0.024000 0.008000 0.028000 0.012000 0.068000 0.060000 0.008000 0.200000 0.008000 0.004000 0.184000 0.012000 0.004000 0.076000 0.020000 0.000000 0.164000 0.104000
5.000000 0.000000 0 0.008000 0.000000 0.024000 0.012000 0.048000 0.012000 0.140000 0.068000 0.008000 0.172000 0.012000 0.008000 0.176000 0.012000 0.004000 0.076000 0.008000 0.004000 0.116000 0.092000
5.000000 0.000000 0 0.004000 0.008000 0.028000 0.008000 0.016000 0.012000 0.112000 0.060000 0.024000 0.196000 0.000000 0.004000 0.136000 0.004000 0.012000 0.116000 0.004000 0.008000 0.140000 0.108000
5.000000 0.000000 0 0.012000 0.016000 0.028000 0.016000 0.024000 0.024000 0.108000 0.056000 0.016000 0.212000 0.000000 0.000000 0.192000 0.008000 0.012000 0.052000 0.012000 0.000000 0.140000 0.072000
5.000000 0.000000 0 0.008000 0.008000 0.016000 0.004000 0.032000 0.008000 0.100000 0.092000 0.008000 0.208000 0.004000 0.004000 0.140000 0.008000 0.004000 0.052000 0.012000 0.004000 0.168000 0.120000
5.000000 0.000000 0 0.012000 0.012000 0.028000 0.004000 0.024000 0.012000 0.116000 0.100000 0.004000 0.164000 0.008000 0.012000 0.136000 0.012000 0.004000 0.084000 0.012000 0.000000 0.124000 0.132000
5.000000 0.000000 0 0.008000 0.012000 0.016000 0.008000 0.024000 0.008000 0.112000 0.064000 0.004000 0.204000 0.000000 0.012000 0.192000 0.004000 0.004000 0.056000 0.000000 0.000000 0.152000 0.120000
5.000000 0.000000 0 0.004000 0.008000 0.016000 0.020000 0.024000 0.004000 0.084000 0.092000 0.012000 0.156000 0.004000 0.012000 0.228000 0.008000 0.012000 0.060000 0.016000 0.000000 0.136000 0.104000
5.000000 0.000000 0 0.012000 0.012000 0.024000 0.012000 0.020000 0.016000 0.088000 0.104000 0.004000 0.136000 0.004000 0.012000 0.200000 0.004000 0.012000 0.072000 0.008000 0.008000 0.160000 0.092000
5.000000 0.000000 0 0.020000 0.016000 0.020000 0.008000 0.024000 0.004000 0.128000 0.080000 0.012000 0.192000 0.004000 0.004000 0.160000 0.016000 0.012000 0.056000 0.008000 0.000000 0.148000 0.088000
5.000000 0.000000 0 0.004000 0.016000 0.008000 0.012000 0.036000 0.008000 0.128000 0.060000 0.004000 0.212000 0.004000 0.008000 0.128000 0.008000 0.004000 0.096000 0.024000 0.000000 0.148000 0.092000
5.000000 0.000000 0 0.012000 0.012000 0.036000 0.008000 0.044000 0.012000 0.076000 0.112000 0.008000 0.144000 0.000000 0.012000 0.192000 0.012000 0.008000 0.060000 0.020000 0.008000 0.136000 0.088000
5.000000 0.000000 0 0.012000 0.004000 0.012000 0.004000 0.028000 0.012000 0.068000 0.092000 0.016000 0.196000 0.012000 0.016000 0.180000 0.000000 0.008000 0.064000 0.008000 0.008000 0.132000 0.128000
5.000000 0.000000 0 0.008000 0.008000 0.032000 0.012000 0.020000 0.004000 0.124000 0.100000 0.008000 0.132000 0.016000 0.012000 0.164000 0.012000 0.000000 0.080000 0.004000 0.000000 0.136000 0.128000
5.000000 0.000000 0 0.008000 0.024000 0.012000 0.004000 0.036000 0.016000 0.084000 0.092000 0.004000 0.144000 0.000000 0.016000 0.172000 0.008000 0.004000 0.080000 0.012000 0.000000 0.196000 0.088000
5.000000 0.000000 0 0.004000 0.008000 0.028000 0.000000 0.032000 0.004000 0.092000 0.096000 0.004000 0.176000 0.004000 0.008000 0.216000 0.004000 0.028000 0.076000 0.004000 0.000000 0.116000 0.100000
5.000000 0.000000 0 0.008000 0.020000 0.020000 0.008000 0.056000 0.016000 0.116000 0.096000 0.016000 0.140000 0.004000 0.016000 0.160000 0.004000 0.000000 0.068000 0.008000 0.000000 0.140000 0.104000
5.000000 0.000000 0 0.012000 0.012000 0.032000 0.020000 0.036000 0.004000 0.128000 0.104000 0.016000 0.148000 0.004000 0.000000 0.176000 0.008000 0.004000 0.048000 0.008000 0.008000 0.144000 0.088000
5.000000 0.000000 0 0.008000 0.012000 0.020000 0.008000 0.028000 0.008000 0.072000 0.100000 0.016000 0.160000 0.012000 0.012000 0.176000 0.004000 0.004000 0.056000 0.012000 0.000000 0.136000 0.156000
5.000000 -0.011335 0 0.028000 0.012000 0.008000 0.012000 0.036000 0.020000 0.080000 0.076000 0.012000 0.216000 0.008000 0.000000 0.192000 0.000000 0.004000 0.072000 0.008000 0.004000 0.136000 0.076000
5.000000 -0.011335 0 0.012000 0.004000 0.020000 0.000000 0.020000 0.012000 0.080000 0.064000 0.024000 0.184000 0.004000 0.012000 0.208000 0.000000 0.020000 0.080000 0.020000 0.012000 0.156000 0.068000
5.000000 -0.009803 0 0.008000 0.028000 0.024000 0.004000 0.036000 0.008000 0.092000 0.072000 0.020000 0.180000 0.004000 0.008000 0.132000 0.008000 0.012000 0.092000 0.004000 0.000000 0.180000 0.088000
5.000000 -0.001679 0 0.016000 0.004000 0.020000 0.016000 0.040000 0.008000 0.108000 0.104000 0.020000 0.148000 0.000000 0.008000 0.180000 0.004000 0.016000 0.048000 0.016000 0.000000 0.156000 0.088000
5.000000 -0.000978 0 0.008000 0.012000 0.008000 0.000000 0.024000 0.008000 0.076000 0.092000 0.008000 0.172000 0.004000 0.008000 0.200000 0.008000 0.008000 0.076000 0.004000 0.004000 0.184000 0.096000
5.000000 -0.000993 0 0.004000 0.028000 0.020000 0.016000 0.040000 0.004000 0.072000 0.080000 0.020000 0.164000 0.004000 0.004000 0.156000 0.008000 0.012000 0.092000 0.004000 0.008000 0.136000 0.128000
5.000000 -0.000993 0 0.008000 0.008000 0.032000 0.008000 0.040000 0.012000 0.112000 0.096000 0.008000 0.164000 0.004000 0.004000 0.172000 0.012000 0.012000 0.080000 0.016000 0.000000 0.124000 0.088000
5.000000 -0.000993 0 0.028000 0.012000 0.020000 0.004000 0.016000 0.000000 0.096000 0.048000 0.016000 0.244000 0.008000 0.008000 0.164000 0.008000 0.004000 0.056000 0.016000 0.004000 0.156000 0.092000
5.000000 -0.000993 0 0.004000 0.008000 0.028000 0.000000 0.024000 0.008000 0.120000 0.064000 0.016000 0.188000 0.008000 0.016000 0.176000 0.020000 0.020000 0.068000 0.008000 0.000000 0.136000 0.088000
5.000000 -0.000978 0 0.008000 0.020000 0.028000 0.000000 0.032000 0.008000 0.144000 0.064000 0.016000 0.148000 0.000000 0.004000 0.200000 0.004000 0.016000 0.076000 0.008000 0.000000 0.148000 0.076000
5.000000 -0.000978 0 0.000000 0.008000 0.040000 0.008000 0.024000 0.008000 0.132000 0.108000 0.012000 0.192000 0.004000 0.012000 0.200000 0.004000 0.008000 0.048000 0.004000 0.008000 0.108000 0.072000
5.000000 -0.000507 0 0.004000 0.012000 0.036000 0.016000 0.048000 0.004000 0.100000 0.076000 0.008000 0.204000 0.000000 0.020000 0.164000 0.016000 0.000000 0.088000 0.020000 0.004000 0.088000 0.092000
5.000000 -0.000310 0 0.004000 0.012000 0.024000 0.004000 0.036000 0.008000 0.124000 0.084000 0.012000 0.168000 0.012000 0.012000 0.196000 0.012000 0.016000 0.060000 0.008000 0.004000 0.136000 0.068000
5.000000 -0.000310 0 0.004000 0.016000 0.032000 0.016000 0.016000 0.020000 0.140000 0.092000 0.008000 0.176000 0.004000 0.004000 0.144000 0.004000 0.016000 0.080000 0.004000 0.000000 0.132000 0.092000
5.000000 -0.000269 0 0.008000 0.012000 0.016000 0.020000 0.020000 0.012000 0.100000 0.060000 0.008000 0.164000 0.004000 0.012000 0.212000 0.012000 0.012000 0.068000 0.020000 0.000000 0.168000 0.072000
5.000000 -0.000223 0 0.012000 0.012000 0.012000 0.012000 0.040000 0.024000 0.124000 0.064000 0.028000 0.144000 0.000000 0.008000 0.188000 0.008000 0.004000 0.060000 0.004000 0.004000 0.152000 0.100000
5.000000 -0.000172 0 0.028000 0.008000 0.036000 0.008000 0.028000 0.000000 0.108000 0.080000 0.004000 0.196000 0.008000 0.008000 0.148000 0.004000 0.000000 0.100000 0.020000 0.004000 0.140000 0.072000
5.000000 -0.000120 0 0.000000 0.012000 0.028000 0.004000 0.040000 0.020000 0.064000 0.108000 0.000000 0.144000 0.000000 0.012000 0.200000 0.012000 0.008000 0.076000 0.008000 0.000000 0.156000 0.108000
5.000000 -0.000120 0 0.000000 0.012000 0.032000 0.008000 0.020000 0.020000 0.092000 0.080000 0.008000 0.168000 0.008000 0.004000 0.148000 0.024000 0.004000 0.088000 0.012000 0.004000 0.168000 0.100000
5.000000 -0.000120 0 0.016000 0.024000 0.016000 0.012000 0.020000 0.016000 0.104000 0.116000 0.008000 0.124000 0.008000 0.004000 0.148000 0.004000 0.008000 0.052000 0.008000 0.000000 0.208000 0.104000
5.000000 -0.000062 0 0.012000 0.008000 0.032000 0.008000 0.016000 0.020000 0.112000 0.092000 0.028000 0.184000 0.000000 0.004000 0.180000 0.008000 0.012000 0.064000 0.008000 0.000000 0.148000 0.064000
5.000000 -0.000062 0 0.020000 0.012000 0.028000 0.004000 0.048000 0.024000 0.072000 0.080000 0.028000 0.152000 0.000000 0.012000 0.188000 0.012000 0.004000 0.068000 0.004000 0.000000 0.152000 0.092000
5.000000 -0.000062 0 0.008000 0.008000 0.032000 0.000000 0.016000 0.032000 0.120000 0.092000 0.024000 0.176000 0.016000 0.008000 0.148000 0.016000 0.004000 0.064000 0.012000 0.000000 0.148000 0.076000
5.000000 -0.000122 0 0.008000 0.004000 0.032000 0.004000 0.032000 0.016000 0.084000 0.072000 0.000000 0.180000 0.004000 0.012000 0.236000 0.004000 0.016000 0.072000 0.024000 0.000000 0.112000 0.088000
5.000000 -0.000122 0 0.016000 0.008000 0.004000 0.004000 0.016000 0.012000 0.092000 0.108000 0.004000 0.196000 0.000000 0.000000 0.176000 0.008000 0.008000 0.080000 0.012000 0.012000 0.144000 0.100000
5.000000 -0.000122 0 0.008000 0.000000 0.020000 0.028000 0.028000 0.016000 0.112000 0.104000 0.008000 0.172000 0.004000 0.016000 0.148000 0.012000 0.012000 0.060000 0.004000 0.004000 0.120000 0.124000
5.000000 -0.000122 0 0.008000 0.008000 0.036000 0.012000 0.024000 0.004000 0.092000 0.064000 0.012000 0.164000 0.000000 0.012000 0.192000 0.008000 0.004000 0.072000 0.000000 0.004000 0.144000 0.140000
5.000000 -0.000122 0 0.012000 0.004000 0.012000 0.000000 0.048000 0.012000 0.084000 0.084000 0.012000 0.172000 0.004000 0.012000 0.164000 0.004000 0.000000 0.092000 0.008000 0.004000 0.168000 0.104000
5.000000 -0.000122 0 0.016000 0.008000 0.008000 0.008000 0.024000 0.016000 0.104000 0.088000 0.016000 0.192000 0.004000 0.004000 0.144000 0.008000 0.012000 0.076000 0.024000 0.012000 0.128000 0.108000
5.000000 -0.000122 0 0.012000 0.008000 0.036000 0.008000 0.032000 0.008000 0.100000 0.084000 0.004000 0.176000 0.004000 0.008000 0.224000 0.004000 0.000000 0.100000 0.000000 0.000000 0.096000 0.096000
5.000000 -0.000122 0 0.008000 0.016000 0.016000 0.008000 0.036000 0.012000 0.136000 0.116000 0.020000 0.152000 0.004000 0.016000 0.168000 0.012000 0.004000 0.064000 0.024000 0.000000 0.128000 0.060000
5.000000 -0.000122 0 0.016000 0.008000 0.024000 0.012000 0.020000 0.020000 0.108000 0.060000 0.020000 0.148000 0.012000 0.004000 0.184000 0.000000 0.008000 0.068000 0.024000 0.004000 0.172000 0.088000
5.000000 -0.000122 0 0.004000 0.000000 0.020000 0.008000 0.028000 0.008000 0.084000 0.076000 0.012000 0.164000 0.004000 0.012000 0.208000 0.008000 0.008000 0.072000 0.020000 0.004000 0.164000 0.096000
5.000000 -0.000122 0 0.012000 0.012000 0.024000 0.008000 0.016000 0.020000 0.124000 0.092000 0.020000 0.152000 0.008000 0.012000 0.100000 0.008000 0.020000 0.092000 0.016000 0.008000 0.164000 0.092000
5.000000 -0.000122 0 0.004000 0.004000 0.032000 0.008000 0.028000 0.004000 0.108000 0.100000 0.020000 0.160000 0.016000 0.008000 0.132000 0.012000 0.008000 0.088000 0.020000 0.000000 0.188000 0.060000
5.000000 -0.000064 0 0.004000 0.012000 0.040000 0.020000 0.020000 0.008000 0.100000 0.060000 0.012000 0.212000 0.008000 0.004000 0.180000 0.000000 0.004000 0.064000 0.016000 0.004000 0.128000 0.104000
5.000000 -0.000064 0 0.000000 0.008000 0.024000 0.024000 0.056000 0.012000 0.100000 0.088000 0.004000 0.168000 0.004000 0.000000 0.176000 0.016000 0.008000 0.080000 0.012000 0.004000 0.148000 0.068000
5.000000 -0.000064 0 0.012000 0.008000 0.024000 0.012000 0.028000 0.028000 0.092000 0.076000 0.020000 0.168000 0.000000 0.008000 0.184000 0.004000 0.008000 0.096000 0.000000 0.000000 0.128000 0.104000
5.000000 -0.000064 0 0.016000 0.012000 0.032000 0.004000 0.020000 0.024000 0.104000 0.080000 0.004000 0.160000 0.004000 0.004000 0.168000 0.004000 0.008000 0.084000 0.008000 0.000000 0.156000 0.108000
5.000000 -0.000064 0 0.004000 0.004000 0.036000 0.000000 0.024000 0.012000 0.088000 0.108000 0.016000 0.152000 0.000000 0.000000 0.196000 0.000000 0.012000 0.092000 0.020000 0.000000 0.148000 0.088000
5.000000 -0.000064 0 0.020000 0.016000 0.028000 0.004000 0.016000 0.008000 0.080000 0.080000 0.016000 0.176000 0.012000 0.008000 0.176000 0.020000 0.004000 0.060000 0.016000 0.008000 0.148000 0.104000
5.000000 -0.000064 0 0.016000 0.008000 0.016000 0.000000 0.040000 0.024000 0.132000 0.096000 0.016000 0.140000 0.004000 0.004000 0.156000 0.000000 0.008000 0.052000 0.020000 0.004000 0.156000 0.108000
5.000000 -0.000124 0 0.012000 0.004000 0.028000 0.024000 0.024000 0.028000 0.116000 0.080000 0.028000 0.144000 0.004000 0.020000 0.132000 0.008000 0.004000 0.068000 0.032000 0.000000 0.164000 0.080000
5.000000 -0.000124 0 0.020000 0.016000 0.012000 0.008000 0.032000 0.012000 0.088000 0.112000 0.016000 0.192000 0.000000 0.016000 0.160000 0.008000 0.004000 0.060000 0.016000 0.008000 0.112000 0.108000
5.000000 -0.000124 0 0.008000 0.004000 0.020000 0.016000 0.048000 0.004000 0.084000 0.108000 0.012000 0.136000 0.016000 0.012000 0.168000 0.008000 0.008000 0.092000 0.012000 0.004000 0.144000 0.096000
5.000000 -0.000124 0 0.012000 0.016000 0.008000 0.004000 0.032000 0.012000 0.136000 0.088000 0.004000 0.156000 0.004000 0.012000 0.164000 0.008000 0.008000 0.060000 0.004000 0.000000 0.128000 0.144000
5.000000 -0.000124 0 0.008000 0.008000 0.016000 0.016000 0.020000 0.020000 0.100000 0.064000 0.020000 0.144000 0.004000 0.004000 0.208000 0.008000 0.008000 0.060000 0.012000 0.000000 0.144000 0.136000
5.000000 -0.000124 0 0.004000 0.016000 0.028000 0.008000 0.028000 0.016000 0.104000 0.068000 0.004000 0.168000 0.008000 0.000000 0.184000 0.012000 0.016000 0.076000 0.008000 0.000000 0.132000 0.120000
5.000000 -0.000124 0 0.008264 0.016529 0.008264 0.016529 0.008264 0.016529 0.140496 0.049587 0.024793 0.165289 0.000000 0.024793 0.190083 0.000000 0.000000 0.099174 0.008264 0.000000 0.140496 0.082645
5.000000 -0.000124 0 0.004000 0.008000 0.016000 0.024000 0.016000 0.036000 0.120000 0.072000 0.008000 0.208000 0.000000 0.008000 0.144000 0.012000 0.008000 0.048000 0.012000 0.000000 0.168000 0.088000
5.000000 -0.000194 0 0.004000 0.004000 0.016000 0.008000 0.028000 0.004000 0.112000 0.100000 0.024000 0.140000 0.000000 0.000000 0.240000 0.012000 0.004000 0.048000 0.012000 0.004000 0.160000 0.080000
5.000000 -0.000194 0 0.008000 0.012000 0.028000 0.008000 0.020000 0.028000 0.120000 0.112000 0.004000 0.160000 0.004000 0.004000 0.212000 0.004000 0.008000 0.056000 0.004000 0.000000 0.132000 0.076000
5.000000 -0.000194 0 0.008000 0.000000 0.008000 0.020000 0.032000 0.004000 0.116000 0.112000 0.012000 0.160000 0.012000 0.012000 0.168000 0.000000 0.004000 0.064000 0.008000 0.000000 0.156000 0.104000
5.000000 -0.000130 0 0.020000 0.004000 0.024000 0.012000 0.020000 0.008000 0.132000 0.088000 0.024000 0.172000 0.004000 0.000000 0.188000 0.016000 0.004000 0.060000 0.016000 0.000000 0.128000 0.080000
5.000000 -0.000130 0 0.008000 0.016000 0.012000 0.012000 0.016000 0.012000 0.080000 0.104000 0.008000 0.184000 0.000000 0.004000 0.184000 0.016000 0.000000 0.068000 0.016000 0.000000 0.128000 0.132000
5.000000 -0.000130 0 0.016000 0.012000 0.004000 0.020000 0.028000 0.016000 0.096000 0.092000 0.004000 0.208000 0.000000 0.000000 0.188000 0.000000 0.004000 0.052000 0.008000 0.000000 0.144000 0.108000
5.000000 -0.000130 0 0.016000 0.012000 0.052000 0.012000 0.016000 0.012000 0.076000 0.072000 0.012000 0.180000 0.004000 0.008000 0.196000 0.000000 0.004000 0.072000 0.008000 0.000000 0.140000 0.108000
5.000000 -0.000130 0 0.008000 0.016000 0.012000 0.004000 0.016000 0.020000 0.152000 0.096000 0.000000 0.196000 0.000000 0.012000 0.160000 0.012000 0.000000 0.056000 0.012000 0.000000 0.116000 0.112000
5.000000 -0.000130 0 0.012000 0.000000 0.008000 0.004000 0.048000 0.012000 0.128000 0.108000 0.008000 0.152000 0.016000 0.008000 0.168000 0.008000 0.000000 0.092000 0.012000 0.004000 0.124000 0.088000
5.000000 -0.000130 0 0.008000 0.012000 0.024000 0.000000 0.048000 0.004000 0.160000 0.064000 0.008000 0.160000 0.004000 0.012000 0.192000 0.008000 0.012000 0.048000 0.020000 0.000000 0.112000 0.104000
5.000000 -0.000130 0 0.008000 0.012000 0.032000 0.016000 0.016000 0.012000 0.128000 0.104000 0.012000 0.144000 0.012000 0.008000 0.168000 0.008000 0.008000 0.056000 0.016000 0.000000 0.136000 0.104000
5.000000 -0.000130 0 0.004000 0.004000 0.004000 0.008000 0.020000 0.032000 0.076000 0.076000 0.012000 0.180000 0.000000 0.004000 0.200000 0.004000 0.012000 0.084000 0.000000 0.000000 0.152000 0.128000
5.000000 -0.000130 0 0.020000 0.012000 0.024000 0.008000 0.016000 0.008000 0.100000 0.100000 0.008000 0.164000 0.000000 0.000000 0.156000 0.012000 0.012000 0.068000 0.008000 0.004000 0.156000 0.124000
5.000000 -0.000130 0 0.012000 0.008000 0.040000 0.004000 0.008000 0.012000 0.088000 0.076000 0.012000 0.140000 0.008000 0.008000 0.212000 0.004000 0.004000 0.076000 0.020000 0.000000 0.120000 0.148000
5.000000 -0.000130 0 0.008000 0.024000 0.012000 0.012000 0.024000 0.024000 0.116000 0.088000 0.016000 0.156000 0.008000 0.008000 0.192000 0.004000 0.004000 0.080000 0.016000 0.000000 0.112000 0.096000
5.000000 -0.000130 0 0.008000 0.012000 0.036000 0.004000 0.028000 0.016000 0.112000 0.072000 0.012000 0.168000 0.000000 0.020000 0.168000 0.008000 0.008000 0.080000 0.004000 0.000000 0.164000 0.080000
5.000000 -0.000130 0 0.008000 0.008000 0.024000 0.016000 0.028000 0.024000 0.088000 0.068000 0.016000 0.196000 0.020000 0.000000 0.180000 0.004000 0.004000 0.064000 0.012000 0.000000 0.132000 0.108000
5.000000 -0.000192 0 0.008000 0.004000 0.032000 0.004000 0.016000 0.016000 0.080000 0.080000 0.020000 0.192000 0.012000 0.012000 0.132000 0.008000 0.024000 0.072000 0.008000 0.004000 0.188000 0.088000
5.000000 -0.000250 0 0.016000 0.000000 0.028000 0.004000 0.032000 0.020000 0.080000 0.076000 0.008000 0.136000 0.012000 0.016000 0.164000 0.012000 0.008000 0.072000 0.008000 0.000000 0.184000 0.124000
5.000000 -0.000250 0 0.020000 0.012000 0.016000 0.004000 0.032000 0.012000 0.100000 0.092000 0.000000 0.140000 0.012000 0.012000 0.168000 0.012000 0.000000 0.072000 0.020000 0.008000 0.148000 0.120000
5.000000 -0.000250 0 0.004000 0.012000 0.036000 0.016000 0.040000 0.012000 0.128000 0.076000 0.004000 0.156000 0.000000 0.008000 0.152000 0.012000 0.000000 0.068000 0.024000 0.000000 0.176000 0.076000
5.000000 -0.000250 0 0.000000 0.016000 0.016000 0.004000 0.012000 0.024000 0.128000 0.104000 0.004000 0.168000 0.008000 0.012000 0.188000 0.004000 0.016000 0.056000 0.008000 0.000000 0.156000 0.076000
5.000000 -0.000191 0 0.008000 0.020000 0.040000 0.020000 0.004000 0.016000 0.120000 0.072000 0.012000 0.172000 0.004000 0.016000 0.144000 0.012000 0.016000 0.072000 0.004000 0.000000 0.160000 0.088000
5.000000 -0.000191 0 0.016000 0.012000 0.024000 0.012000 0.016000 0.016000 0.116000 0.108000 0.008000 0.120000 0.004000 0.008000 0.192000 0.004000 0.012000 0.080000 0.008000 0.000000 0.156000 0.088000
5.000000 -0.000191 0 0.000000 0.008000 0.032000 0.008000 0.028000 0.012000 0.100000 0.108000 0.012000 0.136000 0.012000 0.008000 0.156000 0.016000 0.012000 0.080000 0.004000 0.008000 0.128000 0.132000
5.000000 -0.000191 0 0.008000 0.020000 0.032000 0.004000 0.028000 0.012000 0.104000 0.072000 0.004000 0.152000 0.016000 0.008000 0.156000 0.020000 0.004000 0.080000 0.000000 0.004000 0.168000 0.108000
5.000000 -0.000191 0 0.000000 0.012000 0.008000 0.020000 0.032000 0.024000 0.120000 0.052000 0.020000 0.160000 0.012000 0.008000 0.144000 0.012000 0.008000 0.096000 0.016000 0.004000 0.148000 0.104000
5.000000 -0.000191 0 0.012000 0.008000 0.024000 0.004000 0.036000 0.008000 0.112000 0.112000 0.016000 0.144000 0.020000 0.008000 0.160000 0.008000 0.000000 0.072000 0.012000 0.000000 0.136000 0.108000
5.000000 -0.000191 0 0.012000 0.008000 0.016000 0.000000 0.024000 0.008000 0.116000 0.064000 0.012000 0.200000 0.016000 0.012000 0.192000 0.016000 0.008000 0.068000 0.008000 0.004000 0.148000 0.068000
5.000000 -0.000191 0 0.008000 0.004000 0.012000 0.008000 0.044000 0.012000 0.100000 0.084000 0.016000 0.176000 0.004000 0.000000 0.156000 0.008000 0.016000 0.068000 0.004000 0.000000 0.164000 0.116000
5.000000 -0.000120 0 0.008000 0.004000 0.020000 0.008000 0.016000 0.020000 0.096000 0.084000 0.016000 0.176000 0.004000 0.008000 0.192000 0.004000 0.008000 0.100000 0.012000 0.000000 0.140000 0.084000
5.000000 -0.000120 0 0.016000 0.012000 0.012000 0.008000 0.052000 0.012000 0.144000 0.100000 0.004000 0.176000 0.012000 0.000000 0.156000 0.000000 0.004000 0.080000 0.004000 0.000000 0.136000 0.072000
5.000000 -0.000120 0 0.012000 0.004000 0.028000 0.008000 0.032000 0.016000 0.072000 0.120000 0.008000 0.212000 0.000000 0.008000 0.192000 0.008000 0.000000 0.084000 0.008000 0.004000 0.124000 0.060000
5.000000 -0.000120 0 0.016000 0.004000 0.024000 0.008000 0.024000 0.004000 0.116000 0.096000 0.012000 0.188000 0.008000 0.004000 0.152000 0.008000 0.004000 0.080000 0.016000 0.004000 0.128000 0.104000
5.000000 -0.000120 0 0.004000 0.020000 0.012000 0.008000 0.028000 0.016000 0.140000 0.068000 0.008000 0.200000 0.004000 0.004000 0.104000 0.008000 0.008000 0.064000 0.024000 0.000000 0.160000 0.120000
5.000000 -0.000120 0 0.004000 0.016000 0.004000 0.024000 0.036000 0.008000 0.108000 0.068000 0.020000 0.184000 0.004000 0.000000 0.216000 0.000000 0.004000 0.088000 0.004000 0.000000 0.136000 0.076000
5.000000 -0.000120 0 0.008000 0.004000 0.028000 0.008000 0.020000 0.020000 0.116000 0.100000 0.008000 0.160000 0.008000 0.004000 0.148000 0.000000 0.000000 0.100000 0.020000 0.004000 0.136000 0.108000
5.000000 -0.000173 0 0.004000 0.008000 0.004000 0.004000 0.048000 0.004000 0.120000 0.128000 0.008000 0.148000 0.004000 0.000000 0.176000 0.004000 0.020000 0.068000 0.020000 0.004000 0.140000 0.088000
5.000000 -0.000173 0 0.034483 0.000000 0.011494 0.022989 0.011494 0.022989 0.068966 0.114943 0.022989 0.229885 0.000000 0.000000 0.172414 0.000000 0.000000 0.034483 0.011494 0.000000 0.183908 0.057471
5.000000 -0.000250 0 0.008000 0.020000 0.012000 0.016000 0.020000 0.012000 0.112000 0.100000 0.020000 0.156000 0.000000 0.008000 0.204000 0.016000 0.000000 0.060000 0.004000 0.000000 0.164000 0.068000
5.000000 -0.000250 0 0.008000 0.008000 0.012000 0.012000 0.044000 0.004000 0.068000 0.084000 0.008000 0.176000 0.008000 0.008000 0.208000 0.004000 0.004000 0.028000 0.004000 0.000000 0.148000 0.164000
5.000000 -0.000250 0 0.016000 0.012000 0.020000 0.012000 0.048000 0.020000 0.104000 0.076000 0.000000 0.136000 0.004000 0.028000 0.208000 0.004000 0.008000 0.048000 0.012000 0.008000 0.148000 0.088000
5.000000 -0.000250 0 0.000000 0.000000 0.012000 0.020000 0.032000 0.012000 0.112000 0.068000 0.004000 0.160000 0.012000 0.004000 0.196000 0.004000 0.012000 0.068000 0.012000 0.004000 0.152000 0.116000
5.000000 -0.000250 0 0.008000 0.000000 0.032000 0.008000 0.036000 0.004000 0.096000 0.096000 0.004000 0.172000 0.008000 0.004000 0.160000 0.004000 0.012000 0.072000 0.020000 0.004000 0.152000 0.108000
5.000000 -0.000250 0 0.020000 0.012000 0.040000 0.012000 0.020000 0.020000 0.120000 0.052000 0.024000 0.144000 0.004000 0.012000 0.180000 0.016000 0.004000 0.052000 0.012000 0.000000 0.172000 0.084000
5.000000 -0.000250 0 0.016000 0.012000 0.012000 0.008000 0.024000 0.012000 0.112000 0.084000 0.012000 0.160000 0.012000 0.004000 0.184000 0.012000 0.004000 0.088000 0.020000 0.004000 0.108000 0.112000
5.000000 -0.000250 0 0.004000 0.008000 0.028000 0.008000 0.032000 0.024000 0.104000 0.088000 0.016000 0.192000 0.008000 0.008000 0.156000 0.012000 0.004000 0.076000 0.004000 0.004000 0.124000 0.100000
5.000000 -0.000193 0 0.008000 0.008000 0.016000 0.016000 0.024000 0.016000 0.128000 0.140000 0.000000 0.124000 0.012000 0.012000 0.164000 0.004000 0.004000 0.072000 0.016000 0.000000 0.148000 0.088000
5.000000 -0.000130 0 0.004000 0.000000 0.032000 0.012000 0.044000 0.028000 0.112000 0.096000 0.012000 0.176000 0.004000 0.012000 0.188000 0.020000 0.004000 0.060000 0.012000 0.012000 0.080000 0.092000
5.000000 -0.000130 0 0.008000 0.012000 0.032000 0.004000 0.008000 0.016000 0.120000 0.108000 0.000000 0.232000 0.012000 0.000000 0.172000 0.008000 0.008000 0.076000 0.008000 0.008000 0.092000 0.076000
5.000000 -0.000130 0 0.024000 0.008000 0.032000 0.000000 0.032000 0.020000 0.104000 0.076000 0.008000 0.180000 0.004000 0.012000 0.196000 0.004000 0.008000 0.064000 0.008000 0.004000 0.116000 0.100000
5.000000 -0.000130 0 0.004000 0.016000 0.008000 0.008000 0.016000 0.020000 0.124000 0.100000 0.012000 0.152000 0.000000 0.008000 0.180000 0.000000 0.004000 0.112000 0.008000 0.000000 0.120000 0.108000
5.000000 -0.000130 0 0.004000 0.004000 0.016000 0.012000 0.012000 0.016000 0.116000 0.096000 0.004000 0.216000 0.016000 0.008000 0.200000 0.008000 0.012000 0.064000 0.012000 0.000000 0.092000 0.092000
5.000000 -0.000130 0 0.012000 0.016000 0.020000 0.016000 0.028000 0.008000 0.104000 0.096000 0.008000 0.184000 0.004000 0.000000 0.204000 0.004000 0.008000 0.072000 0.016000 0.004000 0.104000 0.092000
5.000000 -0.000130 0 0.008000 0.020000 0.016000 0.008000 0.032000 0.008000 0.112000 0.100000 0.020000 0.188000 0.016000 0.020000 0.176000 0.008000 0.016000 0.048000 0.016000 0.000000 0.104000 0.084000
5.000000 -0.000130 0 0.016000 0.016000 0.024000 0.008000 0.036000 0.004000 0.096000 0.092000 0.004000 0.188000 0.004000 0.000000 0.184000 0.012000 0.000000 0.080000 0.020000 0.012000 0.112000 0.092000
5.000000 -0.000130 0 0.004000 0.016000 0.020000 0.004000 0.016000 0.004000 0.104000 0.068000 0.016000 0.176000 0.004000 0.012000 0.172000 0.016000 0.016000 0.056000 0.016000 0.004000 0.176000 0.100000
5.000000 -0.000130 0 0.008000 0.004000 0.028000 0.008000 0.020000 0.028000 0.112000 0.104000 0.012000 0.164000 0.004000 0.020000 0.176000 0.008000 0.016000 0.092000 0.012000 0.000000 0.096000 0.088000
5.000000 -0.000130 0 0.008000 0.016000 0.016000 0.008000 0.028000 0.008000 0.100000 0.088000 0.020000 0.168000 0.008000 0.012000 0.188000 0.000000 0.004000 0.044000 0.016000 0.000000 0.164000 0.104000
5.000000 -0.000191 0 0.008000 0.004000 0.016000 0.008000 0.044000 0.008000 0.116000 0.116000 0.028000 0.188000 0.008000 0.004000 0.144000 0.000000 0.012000 0.048000 0.016000 0.000000 0.136000 0.096000
5.000000 -0.000191 0 0.016000 0.008000 0.024000 0.008000 0.028000 0.020000 0.112000 0.092000 0.016000 0.180000 0.008000 0.012000 0.188000 0.008000 0.004000 0.044000 0.004000 0.000000 0.140000 0.088000
5.000000 -0.000191 0 0.004000 0.000000 0.024000 0.024000 0.032000 0.012000 0.096000 0.068000 0.012000 0.120000 0.012000 0.016000 0.156000 0.004000 0.016000 0.104000 0.012000 0.012000 0.164000 0.112000
5.000000 -0.000259 0 0.012000 0.008000 0.024000 0.016000 0.032000 0.012000 0.124000 0.092000 0.012000 0.168000 0.004000 0.016000 0.176000 0.008000 0.004000 0.048000 0.000000 0.000000 0.128000 0.116000
5.000000 -0.000321 0 0.004000 0.008000 0.020000 0.024000 0.024000 0.016000 0.136000 0.088000 0.012000 0.176000 0.012000 0.004000 0.156000 0.000000 0.000000 0.080000 0.008000 0.000000 0.144000 0.088000
5.000000 -0.000381 0 0.004000 0.008000 0.020000 0.004000 0.032000 0.008000 0.100000 0.080000 0.008000 0.164000 0.008000 0.012000 0.156000 0.012000 0.008000 0.096000 0.008000 0.008000 0.168000 0.096000
5.000000 -0.000381 0 0.012000 0.012000 0.020000 0.008000 0.020000 0.004000 0.148000 0.108000 0.012000 0.180000 0.016000 0.008000 0.148000 0.012000 0.000000 0.076000 0.012000 0.000000 0.100000 0.104000
5.000000 -0.000381 0 0.012000 0.020000 0.020000 0.004000 0.024000 0.032000 0.072000 0.096000 0.012000 0.196000 0.004000 0.012000 0.156000 0.008000 0.016000 0.068000 0.000000 0.000000 0.128000 0.120000
5.000000 -0.000306 0 0.008000 0.016000 0.008000 0.016000 0.012000 0.024000 0.116000 0.088000 0.004000 0.172000 0.004000 0.020000 0.164000 0.012000 0.020000 0.060000 0.004000 0.000000 0.168000 0.084000
5.000000 -0.000306 0 0.016000 0.008000 0.020000 0.000000 0.028000 0.004000 0.168000 0.084000 0.008000 0.160000 0.004000 0.004000 0.188000 0.004000 0.004000 0.064000 0.008000 0.000000 0.120000 0.108000
5.000000 -0.000251 0 0.004000 0.008000 0.016000 0.012000 0.016000 0.028000 0.112000 0.080000 0.016000 0.164000 0.004000 0.016000 0.152000 0.004000 0.004000 0.096000 0.008000 0.000000 0.168000 0.092000
5.000000 -0.000319 0 0.016000 0.008000 0.040000 0.004000 0.028000 0.012000 0.136000 0.092000 0.012000 0.152000 0.004000 0.008000 0.212000 0.004000 0.000000 0.060000 0.020000 0.004000 0.100000 0.088000
5.000000 -0.000319 0 0.008000 0.008000 0.036000 0.004000 0.028000 0.040000 0.076000 0.128000 0.004000 0.172000 0.012000 0.000000 0.148000 0.000000 0.008000 0.068000 0.004000 0.004000 0.152000 0.100000
5.000000 -0.000319 0 0.012000 0.028000 0.020000 0.004000 0.036000 0.024000 0.152000 0.084000 0.004000 0.140000 0.020000 0.008000 0.188000 0.004000 0.004000 0.064000 0.004000 0.000000 0.136000 0.068000
5.000000 -0.000319 0 0.004000 0.020000 0.028000 0.008000 0.056000 0.016000 0.092000 0.120000 0.020000 0.144000 0.008000 0.008000 0.156000 0.004000 0.016000 0.084000 0.016000 0.008000 0.092000 0.100000
5.000000 -0.000319 0 0.012000 0.008000 0.016000 0.012000 0.048000 0.016000 0.096000 0.068000 0.008000 0.160000 0.008000 0.012000 0.156000 0.000000 0.016000 0.092000 0.004000 0.004000 0.144000 0.120000
5.000000 -0.000319 0 0.008000 0.012000 0.008000 0.004000 0.020000 0.028000 0.092000 0.084000 0.016000 0.148000 0.000000 0.008000 0.192000 0.012000 0.004000 0.080000 0.012000 0.000000 0.136000 0.136000
5.000000 -0.000319 0 0.004000 0.012000 0.024000 0.024000 0.016000 0.008000 0.124000 0.088000 0.008000 0.168000 0.000000 0.016000 0.156000 0.012000 0.024000 0.080000 0.016000 0.004000 0.112000 0.104000
5.000000 -0.000319 0 0.012000 0.016000 0.040000 0.020000 0.040000 0.004000 0.128000 0.068000 0.008000 0.132000 0.004000 0.012000 0.116000 0.008000 0.016000 0.064000 0.016000 0.000000 0.184000 0.112000
5.000000 -0.000319 0 0.012000 0.016000 0.032000 0.008000 0.040000 0.016000 0.112000 0.096000 0.008000 0.168000 0.008000 0.008000 0.164000 0.008000 0.008000 0.064000 0.008000 0.000000 0.136000 0.088000
5.000000 -0.000319 0 0.008000 0.012000 0.036000 0.012000 0.032000 0.004000 0.140000 0.096000 0.008000 0.196000 0.012000 0.000000 0.112000 0.012000 0.012000 0.076000 0.008000 0.000000 0.132000 0.092000
5.000000 -0.000319 0 0.004149 0.016598 0.016598 0.012448 0.029046 0.012448 0.161826 0.099585 0.020747 0.141079 0.000000 0.004149 0.178423 0.004149 0.012448 0.062241 0.012448 0.004149 0.112033 0.095436
5.000000 -0.000319 0 0.008000 0.000000 0.012000 0.016000 0.020000 0.012000 0.136000 0.084000 0.008000 0.228000 0.000000 0.008000 0.196000 0.012000 0.008000 0.060000 0.012000 0.004000 0.104000 0.072000
5.000000 -0.000384 0 0.006667 0.006667 0.053333 0.026667 0.040000 0.020000 0.140000 0.093333 0.020000 0.126667 0.013333 0.020000 0.126667 0.006667 0.000000 0.066667 0.033333 0.006667 0.100000 0.093333
5.000000 -0.000384 0 0.008000 0.012000 0.028000 0.008000 0.024000 0.008000 0.100000 0.084000 0.012000 0.200000 0.000000 0.012000 0.204000 0.008000 0.004000 0.064000 0.020000 0.004000 0.092000 0.108000
5.000000 -0.000444 0 0.020000 0.016000 0.024000 0.004000 0.024000 0.020000 0.116000 0.092000 0.004000 0.148000 0.012000 0.000000 0.168000 0.008000 0.012000 0.084000 0.004000 0.000000 0.124000 0.120000
5.000000 -0.000444 0 0.016000 0.008000 0.012000 0.016000 0.028000 0.016000 0.080000 0.100000 0.016000 0.204000 0.004000 0.000000 0.160000 0.004000 0.008000 0.076000 0.008000 0.000000 0.124000 0.120000
5.000000 -0.000444 0 0.016000 0.016000 0.024000 0.008000 0.016000 0.008000 0.088000 0.104000 0.004000 0.136000 0.004000 0.012000 0.188000 0.012000 0.016000 0.076000 0.020000 0.004000 0.144000 0.104000
5.000000 -0.000444 0 0.012000 0.012000 0.024000 0.004000 0.012000 0.008000 0.144000 0.072000 0.008000 0.160000 0.008000 0.020000 0.140000 0.004000 0.008000 0.072000 0.024000 0.012000 0.140000 0.116000
5.000000 -0.000444 0 0.016000 0.012000 0.024000 0.008000 0.016000 0.012000 0.092000 0.100000 0.012000 0.200000 0.000000 0.004000 0.196000 0.012000 0.004000 0.080000 0.000000 0.000000 0.144000 0.068000
5.000000 -0.000384 0 0.008000 0.004000 0.020000 0.008000 0.040000 0.016000 0.092000 0.088000 0.004000 0.196000 0.004000 0.024000 0.164000 0.012000 0.000000 0.068000 0.016000 0.004000 0.148000 0.084000
5.000000 -0.000448 0 0.016000 0.008000 0.020000 0.004000 0.024000 0.008000 0.108000 0.108000 0.016000 0.152000 0.012000 0.004000 0.128000 0.012000 0.024000 0.068000 0.004000 0.000000 0.140000 0.144000
5.000000 -0.000448 0 0.017857 0.004464 0.017857 0.004464 0.040179 0.013393 0.089286 0.116071 0.008929 0.178571 0.008929 0.017857 0.133929 0.008929 0.004464 0.071429 0.000000 0.000000 0.116071 0.147321
5.000000 -0.000428 0 0.000000 0.004000 0.016000 0.004000 0.016000 0.012000 0.116000 0.080000 0.004000 0.112000 0.008000 0.012000 0.204000 0.008000 0.020000 0.112000 0.008000 0.004000 0.164000 0.096000
5.000000 -0.000375 0 0.008000 0.016000 0.032000 0.008000 0.032000 0.004000 0.092000 0.076000 0.016000 0.160000 0.004000 0.016000 0.184000 0.004000 0.000000 0.068000 0.008000 0.000000 0.128000 0.144000
5.000000 -0.000371 0 0.012000 0.016000 0.028000 0.008000 0.016000 0.000000 0.084000 0.124000 0.012000 0.200000 0.004000 0.004000 0.144000 0.004000 0.008000 0.080000 0.012000 0.000000 0.148000 0.096000
5.000000 -0.000371 0 0.020000 0.016000 0.020000 0.000000 0.036000 0.012000 0.124000 0.068000 0.012000 0.152000 0.008000 0.012000 0.176000 0.004000 0.004000 0.100000 0.012000 0.004000 0.132000 0.088000
5.000000 -0.000442 0 0.004000 0.020000 0.048000 0.008000 0.020000 0.008000 0.100000 0.128000 0.008000 0.164000 0.008000 0.000000 0.176000 0.004000 0.000000 0.048000 0.012000 0.000000 0.140000 0.104000
5.000000 -0.000508 0 0.016000 0.004000 0.020000 0.016000 0.028000 0.008000 0.140000 0.108000 0.004000 0.120000 0.008000 0.008000 0.152000 0.004000 0.004000 0.048000 0.008000 0.012000 0.192000 0.100000
5.000000 -0.000508 0 0.004000 0.016000 0.024000 0.012000 0.008000 0.008000 0.136000 0.076000 0.008000 0.144000 0.004000 0.012000 0.204000 0.004000 0.020000 0.064000 0.020000 0.004000 0.128000 0.104000
5.000000 -0.000570 0 0.004000 0.012000 0.020000 0.004000 0.028000 0.008000 0.116000 0.092000 0.008000 0.196000 0.004000 0.016000 0.184000 0.004000 0.012000 0.080000 0.012000 0.000000 0.128000 0.072000
5.000000 -0.000502 0 0.008000 0.020000 0.032000 0.004000 0.028000 0.016000 0.100000 0.108000 0.020000 0.192000 0.004000 0.000000 0.148000 0.012000 0.004000 0.108000 0.016000 0.000000 0.112000 0.068000
5.000000 -0.000572 0 0.024000 0.016000 0.012000 0.016000 0.016000 0.004000 0.096000 0.140000 0.004000 0.160000 0.008000 0.008000 0.164000 0.004000 0.012000 0.060000 0.000000 0.004000 0.120000 0.132000
5.000000 -0.000572 0 0.008000 0.016000 0.008000 0.004000 0.024000 0.024000 0.104000 0.092000 0.012000 0.172000 0.012000 0.000000 0.188000 0.000000 0.004000 0.060000 0.016000 0.000000 0.120000 0.136000
5.000000 -0.000572 0 0.012000 0.016000 0.024000 0.004000 0.044000 0.008000 0.108000 0.100000 0.012000 0.172000 0.004000 0.008000 0.152000 0.004000 0.008000 0.056000 0.012000 0.000000 0.156000 0.100000
5.000000 -0.000572 0 0.004000 0.016000 0.028000 0.012000 0.032000 0.012000 0.132000 0.108000 0.012000 0.160000 0.008000 0.004000 0.176000 0.004000 0.000000 0.080000 0.012000 0.000000 0.100000 0.100000
5.000000 -0.000572 0 0.016000 0.024000 0.036000 0.004000 0.024000 0.004000 0.072000 0.084000 0.012000 0.156000 0.000000 0.008000 0.180000 0.000000 0.004000 0.088000 0.012000 0.008000 0.132000 0.136000
5.000000 -0.000572 0 0.012000 0.008000 0.036000 0.008000 0.036000 0.016000 0.100000 0.104000 0.012000 0.176000 0.008000 0.008000 0.164000 0.008000 0.004000 0.076000 0.012000 0.004000 0.100000 0.108000
5.000000 -0.000572 0 0.012000 0.004000 0.028000 0.016000 0.004000 0.016000 0.128000 0.100000 0.008000 0.144000 0.004000 0.008000 0.196000 0.008000 0.012000 0.084000 0.012000 0.004000 0.112000 0.100000
5.000000 -0.000572 0 0.008000 0.008000 0.028000 0.008000 0.020000 0.012000 0.132000 0.080000 0.008000 0.160000 0.000000 0.008000 0.152000 0.012000 0.012000 0.088000 0.016000 0.000000 0.144000 0.104000
5.000000 -0.000572 0 0.000000 0.016000 0.028000 0.020000 0.024000 0.000000 0.088000 0.100000 0.008000 0.208000 0.008000 0.004000 0.152000 0.008000 0.008000 0.076000 0.008000 0.000000 0.156000 0.088000
5.000000 -0.000572 0 0.004000 0.004000 0.028000 0.004000 0.016000 0.012000 0.116000 0.104000 0.020000 0.140000 0.012000 0.008000 0.160000 0.020000 0.012000 0.072000 0.004000 0.008000 0.136000 0.120000
5.000000 -0.000572 0 0.016000 0.008000 0.036000 0.012000 0.020000 0.024000 0.112000 0.088000 0.008000 0.152000 0.000000 0.004000 0.204000 0.004000 0.024000 0.088000 0.004000 0.000000 0.120000 0.076000
5.000000 -0.000504 0 0.012000 0.004000 0.012000 0.008000 0.020000 0.008000 0.144000 0.100000 0.004000 0.180000 0.008000 0.004000 0.180000 0.004000 0.012000 0.060000 0.008000 0.000000 0.100000 0.132000
5.000000 -0.000504 0 0.016000 0.024000 0.036000 0.008000 0.036000 0.008000 0.116000 0.056000 0.012000 0.164000 0.000000 0.016000 0.160000 0.008000 0.012000 0.068000 0.012000 0.000000 0.156000 0.092000
5.000000 -0.000514 0 0.016000 0.020000 0.020000 0.004000 0.012000 0.016000 0.132000 0.108000 0.004000 0.164000 0.004000 0.000000 0.136000 0.008000 0.004000 0.084000 0.008000 0.004000 0.140000 0.116000
5.000000 -0.000514 0 0.004000 0.016000 0.016000 0.012000 0.040000 0.036000 0.120000 0.108000 0.032000 0.156000 0.004000 0.004000 0.168000 0.008000 0.012000 0.060000 0.008000 0.000000 0.116000 0.080000
5.000000 -0.000514 0 0.012000 0.012000 0.016000 0.000000 0.032000 0.004000 0.112000 0.084000 0.016000 0.204000 0.004000 0.012000 0.128000 0.004000 0.008000 0.076000 0.012000 0.000000 0.140000 0.124000
5.000000 -0.000514 0 0.016000 0.012000 0.020000 0.008000 0.028000 0.016000 0.136000 0.104000 0.008000 0.136000 0.000000 0.008000 0.168000 0.004000 0.004000 0.064000 0.028000 0.004000 0.136000 0.100000
5.000000 -0.000574 0 0.012000 0.032000 0.020000 0.008000 0.024000 0.016000 0.076000 0.068000 0.008000 0.212000 0.016000 0.000000 0.168000 0.000000 0.016000 0.076000 0.020000 0.004000 0.116000 0.108000
5.000000 -0.000574 0 0.000000 0.048387 0.016129 0.048387 0.016129 0.048387 0.096774 0.096774 0.000000 0.064516 0.000000 0.032258 0.096774 0.000000 0.016129 0.064516 0.016129 0.000000 0.209677 0.129032
5.000000 -0.000767 0 0.008000 0.016000 0.028000 0.012000 0.028000 0.016000 0.160000 0.104000 0.000000 0.180000 0.004000 0.008000 0.172000 0.004000 0.008000 0.064000 0.000000 0.000000 0.120000 0.068000
5.000000 -0.000767 0 0.008000 0.008000 0.020000 0.008000 0.024000 0.020000 0.096000 0.112000 0.004000 0.208000 0.004000 0.004000 0.176000 0.016000 0.004000 0.060000 0.016000 0.000000 0.104000 0.108000
5.000000 -0.000769 0 0.008000 0.008000 0.028000 0.008000 0.008000 0.012000 0.124000 0.100000 0.000000 0.168000 0.000000 0.004000 0.208000 0.004000 0.004000 0.104000 0.016000 0.000000 0.100000 0.096000
5.000000 -0.000833 0 0.004000 0.032000 0.016000 0.016000 0.028000 0.012000 0.112000 0.060000 0.016000 0.156000 0.008000 0.000000 0.204000 0.000000 0.012000 0.088000 0.016000 0.000000 0.100000 0.120000
5.000000 -0.000835 0 0.016000 0.012000 0.032000 0.000000 0.028000 0.032000 0.148000 0.088000 0.012000 0.168000 0.004000 0.008000 0.124000 0.020000 0.012000 0.076000 0.004000 0.004000 0.120000 0.092000
5.000000 -0.000895 0 0.004000 0.016000 0.028000 0.000000 0.024000 0.020000 0.100000 0.168000 0.000000 0.132000 0.012000 0.008000 0.200000 0.008000 0.008000 0.064000 0.024000 0.004000 0.108000 0.072000
5.000000 -0.000837 0 0.008000 0.016000 0.036000 0.008000 0.032000 0.020000 0.100000 0.092000 0.008000 0.144000 0.012000 0.008000 0.156000 0.012000 0.004000 0.092000 0.020000 0.008000 0.136000 0.088000
5.000000 -0.000775 0 0.008000 0.004000 0.012000 0.012000 0.024000 0.008000 0.120000 0.128000 0.012000 0.132000 0.004000 0.000000 0.176000 0.016000 0.016000 0.108000 0.008000 0.004000 0.096000 0.112000
5.000000 -0.000775 0 0.012000 0.004000 0.016000 0.020000 0.028000 0.016000 0.128000 0.132000 0.004000 0.148000 0.008000 0.008000 0.160000 0.008000 0.008000 0.068000 0.004000 0.000000 0.132000 0.096000
5.000000 -0.000775 0 0.008000 0.004000 0.012000 0.008000 0.028000 0.020000 0.096000 0.100000 0.012000 0.196000 0.004000 0.012000 0.180000 0.004000 0.012000 0.076000 0.020000 0.000000 0.080000 0.128000
5.000000 -0.000839 0 0.016000 0.024000 0.008000 0.008000 0.020000 0.008000 0.108000 0.096000 0.008000 0.192000 0.012000 0.012000 0.132000 0.016000 0.008000 0.072000 0.020000 0.004000 0.120000 0.116000
5.000000 -0.000777 0 0.016000 0.016000 0.020000 0.016000 0.036000 0.012000 0.104000 0.084000 0.008000 0.176000 0.000000 0.004000 0.192000 0.004000 0.008000 0.084000 0.012000 0.000000 0.108000 0.100000
5.000000 -0.000777 0 0.008000 0.000000 0.040000 0.004000 0.012000 0.016000 0.108000 0.112000 0.008000 0.164000 0.016000 0.008000 0.184000 0.008000 0.016000 0.060000 0.012000 0.000000 0.116000 0.108000
5.000000 -0.000777 0 0.016000 0.020000 0.020000 0.000000 0.048000 0.016000 0.124000 0.108000 0.012000 0.144000 0.004000 0.012000 0.164000 0.004000 0.000000 0.068000 0.008000 0.000000 0.104000 0.128000
5.000000 -0.000777 0 0.004000 0.008000 0.040000 0.008000 0.028000 0.012000 0.092000 0.084000 0.012000 0.136000 0.004000 0.036000 0.188000 0.008000 0.004000 0.068000 0.004000 0.000000 0.136000 0.128000
5.000000 -0.000777 0 0.012000 0.016000 0.020000 0.008000 0.012000 0.008000 0.104000 0.108000 0.016000 0.188000 0.008000 0.012000 0.176000 0.000000 0.000000 0.040000 0.012000 0.004000 0.144000 0.112000
5.000000 -0.000777 0 0.012000 0.024000 0.012000 0.008000 0.016000 0.020000 0.108000 0.092000 0.016000 0.168000 0.004000 0.012000 0.184000 0.004000 0.020000 0.048000 0.016000 0.000000 0.108000 0.128000
5.000000 -0.000777 0 0.008000 0.012000 0.012000 0.008000 0.012000 0.024000 0.104000 0.100000 0.000000 0.168000 0.004000 0.016000 0.156000 0.000000 0.000000 0.076000 0.020000 0.004000 0.156000 0.120000
5.000000 -0.000839 0 0.004000 0.008000 0.020000 0.008000 0.012000 0.008000 0.144000 0.100000 0.000000 0.168000 0.012000 0.008000 0.120000 0.008000 0.020000 0.120000 0.000000 0.004000 0.116000 0.120000
5.000000 -0.000839 0 0.008000 0.016000 0.032000 0.008000 0.044000 0.000000 0.100000 0.084000 0.008000 0.148000 0.004000 0.012000 0.172000 0.008000 0.004000 0.084000 0.000000 0.000000 0.132000 0.136000
5.000000 -0.000839 0 0.015625 0.000000 0.031250 0.015625 0.078125 0.000000 0.078125 0.125000 0.015625 0.171875 0.000000 0.015625 0.125000 0.000000 0.015625 0.062500 0.000000 0.000000 0.156250 0.093750
5.000000 -0.000839 0 0.012000 0.012000 0.012000 0.004000 0.012000 0.012000 0.128000 0.104000 0.008000 0.192000 0.004000 0.004000 0.192000 0.004000 0.016000 0.076000 0.016000 0.004000 0.104000 0.084000
5.000000 -0.000907 0 0.004000 0.012000 0.032000 0.016000 0.036000 0.008000 0.124000 0.124000 0.012000 0.176000 0.004000 0.012000 0.132000 0.008000 0.016000 0.084000 0.004000 0.004000 0.104000 0.088000
5.000000 -0.000907 0 0.012000 0.016000 0.016000 0.012000 0.028000 0.020000 0.120000 0.092000 0.016000 0.164000 0.004000 0.012000 0.144000 0.004000 0.020000 0.080000 0.004000 0.004000 0.128000 0.104000
5.000000 -0.000898 0 0.004000 0.012000 0.024000 0.004000 0.028000 0.008000 0.076000 0.108000 0.020000 0.140000 0.008000 0.016000 0.148000 0.004000 0.008000 0.084000 0.008000 0.000000 0.176000 0.124000
5.000000 -0.000950 0 0.004000 0.012000 0.028000 0.004000 0.020000 0.016000 0.088000 0.100000 0.016000 0.156000 0.004000 0.012000 0.192000 0.004000 0.024000 0.100000 0.016000 0.000000 0.116000 0.088000
5.000000 -0.001025 0 0.000000 0.004000 0.028000 0.004000 0.032000 0.024000 0.116000 0.128000 0.016000 0.132000 0.004000 0.004000 0.192000 0.000000 0.012000 0.112000 0.012000 0.000000 0.108000 0.072000
5.000000 -0.001096 0 0.012000 0.008000 0.036000 0.012000 0.040000 0.028000 0.128000 0.076000 0.008000 0.144000 0.016000 0.008000 0.204000 0.004000 0.012000 0.056000 0.008000 0.000000 0.088000 0.112000
5.000000 -0.001027 0 0.000000 0.008000 0.012000 0.012000 0.024000 0.012000 0.116000 0.112000 0.004000 0.168000 0.020000 0.004000 0.192000 0.008000 0.004000 0.056000 0.004000 0.004000 0.112000 0.128000
5.000000 -0.001027 0 0.004000 0.000000 0.016000 0.012000 0.008000 0.016000 0.128000 0.112000 0.016000 0.144000 0.004000 0.012000 0.152000 0.000000 0.008000 0.096000 0.000000 0.000000 0.136000 0.136000
5.000000 -0.000779 0 0.012000 0.012000 0.028000 0.008000 0.020000 0.016000 0.100000 0.104000 0.012000 0.168000 0.000000 0.004000 0.192000 0.004000 0.036000 0.064000 0.008000 0.000000 0.120000 0.092000
5.000000 -0.001027 0 0.016000 0.012000 0.036000 0.012000 0.024000 0.008000 0.060000 0.100000 0.004000 0.188000 0.000000 0.016000 0.160000 0.004000 0.008000 0.104000 0.024000 0.000000 0.120000 0.104000
5.000000 -0.000967 0 0.016000 0.016000 0.040000 0.008000 0.020000 0.020000 0.096000 0.100000 0.012000 0.152000 0.012000 0.004000 0.216000 0.004000 0.008000 0.068000 0.008000 0.000000 0.104000 0.096000
5.000000 -0.000903 0 0.000000 0.016000 0.016000 0.008000 0.036000 0.008000 0.120000 0.104000 0.016000 0.188000 0.004000 0.012000 0.148000 0.004000 0.024000 0.084000 0.008000 0.000000 0.116000 0.088000
5.000000 -0.000903 0 0.008000 0.012000 0.016000 0.016000 0.016000 0.012000 0.100000 0.076000 0.004000 0.148000 0.012000 0.012000 0.164000 0.004000 0.008000 0.124000 0.012000 0.000000 0.124000 0.132000
5.000000 -0.000835 0 0.008000 0.012000 0.012000 0.012000 0.020000 0.016000 0.160000 0.116000 0.012000 0.136000 0.008000 0.004000 0.152000 0.012000 0.012000 0.068000 0.000000 0.000000 0.140000 0.100000
5.000000 -0.000835 0 0.018519 0.009259 0.009259 0.000000 0.009259 0.009259 0.166667 0.111111 0.009259 0.138889 0.018519 0.000000 0.120370 0.018519 0.000000 0.083333 0.009259 0.000000 0.129630 0.138889
5.000000 -0.000893 0 0.004000 0.004000 0.032000 0.012000 0.008000 0.016000 0.168000 0.136000 0.008000 0.152000 0.000000 0.008000 0.100000 0.012000 0.020000 0.080000 0.016000 0.000000 0.124000 0.100000
5.000000 -0.000946 0 0.004000 0.008000 0.048000 0.008000 0.048000 0.008000 0.112000 0.088000 0.012000 0.196000 0.000000 0.004000 0.204000 0.000000 0.008000 0.064000 0.008000 0.004000 0.104000 0.072000
5.000000 -0.000893 0 0.008000 0.020000 0.020000 0.000000 0.024000 0.016000 0.124000 0.080000 0.004000 0.184000 0.004000 0.004000 0.152000 0.008000 0.004000 0.092000 0.020000 0.000000 0.096000 0.140000
5.000000 -0.000891 0 0.012000 0.008000 0.012000 0.004000 0.028000 0.020000 0.124000 0.104000 0.000000 0.164000 0.000000 0.012000 0.212000 0.004000 0.004000 0.072000 0.020000 0.000000 0.088000 0.112000
5.000000 -0.000891 0 0.012000 0.020000 0.004000 0.008000 0.024000 0.016000 0.116000 0.088000 0.008000 0.160000 0.000000 0.012000 0.164000 0.000000 0.016000 0.088000 0.020000 0.000000 0.088000 0.156000
5.000000 -0.000891 0 0.012000 0.012000 0.032000 0.004000 0.016000 0.016000 0.132000 0.092000 0.012000 0.156000 0.004000 0.012000 0.144000 0.008000 0.012000 0.076000 0.008000 0.000000 0.104000 0.148000
5.000000 -0.000891 0 0.012000 0.012000 0.020000 0.012000 0.024000 0.020000 0.116000 0.140000 0.012000 0.180000 0.000000 0.004000 0.176000 0.000000 0.008000 0.068000 0.012000 0.000000 0.088000 0.096000
5.000000 -0.000891 0 0.012000 0.016000 0.060000 0.004000 0.020000 0.016000 0.124000 0.148000 0.008000 0.148000 0.004000 0.008000 0.160000 0.004000 0.024000 0.068000 0.016000 0.000000 0.068000 0.092000
5.000000 -0.000891 0 0.016000 0.020000 0.008000 0.008000 0.004000 0.008000 0.120000 0.128000 0.012000 0.152000 0.004000 0.012000 0.196000 0.016000 0.008000 0.060000 0.032000 0.004000 0.084000 0.108000
5.000000 -0.000891 0 0.000000 0.008000 0.024000 0.016000 0.020000 0.012000 0.140000 0.092000 0.008000 0.156000 0.004000 0.012000 0.176000 0.000000 0.020000 0.056000 0.008000 0.000000 0.120000 0.128000
5.000000 -0.000946 0 0.012000 0.012000 0.028000 0.012000 0.012000 0.008000 0.108000 0.096000 0.004000 0.156000 0.000000 0.012000 0.176000 0.008000 0.012000 0.088000 0.008000 0.000000 0.140000 0.108000
5.000000 -0.000867 0 0.000000 0.020000 0.016000 0.008000 0.012000 0.008000 0.108000 0.108000 0.012000 0.172000 0.012000 0.008000 0.184000 0.000000 0.004000 0.068000 0.016000 0.000000 0.136000 0.108000
5.000000 -0.000867 0 0.004000 0.008000 0.020000 0.008000 0.012000 0.028000 0.112000 0.140000 0.008000 0.128000 0.012000 0.004000 0.180000 0.012000 0.024000 0.076000 0.008000 0.000000 0.112000 0.104000
5.000000 -0.000867 0 0.008000 0.012000 0.024000 0.004000 0.028000 0.024000 0.148000 0.112000 0.020000 0.152000 0.004000 0.008000 0.172000 0.004000 0.004000 0.064000 0.016000 0.000000 0.100000 0.096000
5.000000 -0.000867 0 0.012000 0.024000 0.028000 0.004000 0.032000 0.020000 0.100000 0.104000 0.012000 0.124000 0.004000 0.016000 0.188000 0.012000 0.000000 0.072000 0.016000 0.000000 0.096000 0.136000
5.000000 -0.001090 0 0.004000 0.024000 0.024000 0.012000 0.032000 0.032000 0.152000 0.096000 0.012000 0.124000 0.008000 0.012000 0.136000 0.016000 0.012000 0.060000 0.020000 0.000000 0.116000 0.108000
5.000000 -0.001090 0 0.024000 0.020000 0.020000 0.000000 0.020000 0.016000 0.108000 0.124000 0.004000 0.172000 0.000000 0.028000 0.144000 0.004000 0.012000 0.064000 0.024000 0.000000 0.108000 0.108000
5.000000 -0.001028 0 0.020000 0.012000 0.032000 0.012000 0.028000 0.028000 0.124000 0.112000 0.008000 0.160000 0.004000 0.012000 0.196000 0.004000 0.000000 0.052000 0.020000 0.000000 0.076000 0.100000
5.000000 -0.000963 0 0.004000 0.012000 0.036000 0.004000 0.016000 0.024000 0.088000 0.128000 0.008000 0.152000 0.000000 0.012000 0.164000 0.008000 0.008000 0.072000 0.012000 0.000000 0.116000 0.136000
5.000000 -0.000901 0 0.000000 0.012000 0.024000 0.012000 0.020000 0.016000 0.148000 0.108000 0.016000 0.132000 0.008000 0.012000 0.148000 0.004000 0.008000 0.076000 0.004000 0.000000 0.148000 0.104000
5.000000 -0.000835 0 0.004000 0.012000 0.008000 0.008000 0.036000 0.012000 0.088000 0.108000 0.012000 0.116000 0.012000 0.000000 0.168000 0.008000 0.012000 0.128000 0.020000 0.004000 0.104000 0.140000
5.000000 -0.000835 0 0.016000 0.012000 0.024000 0.000000 0.008000 0.016000 0.144000 0.100000 0.000000 0.176000 0.000000 0.016000 0.148000 0.004000 0.004000 0.096000 0.012000 0.004000 0.144000 0.076000
5.000000 -0.000835 0 0.004000 0.012000 0.028000 0.008000 0.028000 0.028000 0.120000 0.112000 0.004000 0.152000 0.000000 0.004000 0.144000 0.000000 0.012000 0.136000 0.028000 0.000000 0.100000 0.080000
5.000000 -0.000835 0 0.008000 0.000000 0.036000 0.004000 0.024000 0.016000 0.096000 0.108000 0.008000 0.160000 0.008000 0.008000 0.156000 0.016000 0.020000 0.092000 0.008000 0.000000 0.116000 0.116000
5.000000 -0.000578 0 0.012000 0.032000 0.032000 0.004000 0.040000 0.012000 0.120000 0.060000 0.004000 0.208000 0.016000 0.000000 0.204000 0.000000 0.008000 0.052000 0.012000 0.000000 0.104000 0.080000
5.000000 -0.000578 0 0.012000 0.008000 0.020000 0.016000 0.024000 0.016000 0.104000 0.124000 0.004000 0.156000 0.004000 0.020000 0.160000 0.000000 0.004000 0.084000 0.008000 0.004000 0.116000 0.116000
5.000000 -0.000578 0 0.008000 0.004000 0.028000 0.004000 0.012000 0.024000 0.112000 0.124000 0.012000 0.156000 0.008000 0.004000 0.168000 0.000000 0.016000 0.056000 0.016000 0.000000 0.128000 0.120000
5.000000 -0.000516 0 0.016000 0.008000 0.020000 0.004000 0.028000 0.016000 0.100000 0.092000 0.008000 0.164000 0.000000 0.008000 0.164000 0.004000 0.016000 0.076000 0.012000 0.000000 0.128000 0.136000
5.000000 -0.000516 0 0.004000 0.016000 0.036000 0.004000 0.020000 0.028000 0.112000 0.092000 0.004000 0.132000 0.004000 0.016000 0.196000 0.004000 0.016000 0.092000 0.016000 0.000000 0.096000 0.112000
5.000000 -0.000516 0 0.016000 0.020000 0.028000 0.004000 0.028000 0.008000 0.152000 0.096000 0.024000 0.140000 0.008000 0.000000 0.164000 0.016000 0.004000 0.080000 0.012000 0.000000 0.116000 0.084000
5.000000 -0.000449 0 0.016000 0.012000 0.048000 0.004000 0.040000 0.016000 0.120000 0.100000 0.004000 0.156000 0.000000 0.000000 0.136000 0.000000 0.024000 0.068000 0.020000 0.008000 0.116000 0.112000
5.000000 -0.000448 0 0.024000 0.020000 0.032000 0.008000 0.016000 0.024000 0.152000 0.076000 0.020000 0.176000 0.000000 0.008000 0.168000 0.004000 0.000000 0.064000 0.004000 0.000000 0.052000 0.152000
5.000000 -0.000448 0 0.000000 0.028000 0.020000 0.000000 0.036000 0.016000 0.136000 0.112000 0.012000 0.184000 0.000000 0.016000 0.172000 0.000000 0.004000 0.076000 0.004000 0.000000 0.088000 0.096000
5.000000 -0.000446 0 0.004000 0.004000 0.036000 0.004000 0.008000 0.020000 0.108000 0.148000 0.004000 0.152000 0.000000 0.008000 0.160000 0.004000 0.012000 0.096000 0.020000 0.004000 0.120000 0.088000
5.000000 -0.000512 0 0.008000 0.020000 0.016000 0.016000 0.016000 0.028000 0.152000 0.084000 0.004000 0.160000 0.008000 0.012000 0.172000 0.004000 0.004000 0.076000 0.012000 0.004000 0.084000 0.120000
5.000000 -0.000512 0 0.012000 0.008000 0.020000 0.000000 0.012000 0.008000 0.164000 0.124000 0.008000 0.192000 0.024000 0.028000 0.112000 0.008000 0.012000 0.084000 0.012000 0.004000 0.076000 0.092000
5.000000 -0.000576 0 0.000000 0.000000 0.036765 0.000000 0.022059 0.014706 0.132353 0.125000 0.022059 0.132353 0.014706 0.014706 0.154412 0.000000 0.007353 0.073529 0.007353 0.000000 0.117647 0.125000
5.000000 -0.000644 0 0.012000 0.004000 0.028000 0.000000 0.040000 0.012000 0.128000 0.088000 0.012000 0.168000 0.004000 0.020000 0.168000 0.004000 0.024000 0.072000 0.016000 0.000000 0.088000 0.112000
5.000000 -0.000644 0 0.016000 0.008000 0.028000 0.004000 0.028000 0.028000 0.120000 0.092000 0.004000 0.164000 0.012000 0.016000 0.184000 0.008000 0.012000 0.084000 0.008000 0.000000 0.104000 0.080000
5.000000 -0.000644 0 0.008000 0.012000 0.036000 0.020000 0.036000 0.016000 0.120000 0.092000 0.012000 0.152000 0.004000 0.012000 0.164000 0.004000 0.020000 0.064000 0.004000 0.004000 0.128000 0.092000
5.000000 -0.000576 0 0.016000 0.004000 0.020000 0.004000 0.032000 0.024000 0.116000 0.112000 0.012000 0.156000 0.000000 0.008000 0.172000 0.008000 0.008000 0.108000 0.008000 0.000000 0.100000 0.092000
5.000000 -0.000576 0 0.000000 0.016000 0.020000 0.004000 0.012000 0.012000 0.116000 0.124000 0.016000 0.184000 0.000000 0.008000 0.144000 0.008000 0.004000 0.096000 0.024000 0.004000 0.108000 0.100000
5.000000 -0.000576 0 0.004000 0.008000 0.044000 0.004000 0.016000 0.024000 0.140000 0.100000 0.004000 0.176000 0.004000 0.012000 0.144000 0.004000 0.020000 0.072000 0.016000 0.000000 0.092000 0.116000
5.000000 -0.000576 0 0.008000 0.016000 0.032000 0.004000 0.016000 0.012000 0.144000 0.140000 0.000000 0.140000 0.000000 0.004000 0.148000 0.004000 0.028000 0.084000 0.012000 0.004000 0.092000 0.112000
5.000000 -0.000642 0 0.004000 0.032000 0.028000 0.012000 0.020000 0.016000 0.104000 0.112000 0.012000 0.108000 0.000000 0.004000 0.136000 0.004000 0.016000 0.092000 0.016000 0.000000 0.116000 0.168000
5.000000 -0.000431 0 0.016000 0.004000 0.032000 0.008000 0.044000 0.020000 0.152000 0.112000 0.004000 0.104000 0.000000 0.020000 0.180000 0.008000 0.012000 0.052000 0.020000 0.004000 0.112000 0.096000
5.000000 -0.000508 0 0.004000 0.016000 0.028000 0.000000 0.028000 0.020000 0.124000 0.112000 0.008000 0.148000 0.004000 0.000000 0.164000 0.004000 0.008000 0.072000 0.008000 0.004000 0.144000 0.104000
5.000000 -0.000508 0 0.000000 0.020000 0.016000 0.008000 0.012000 0.020000 0.152000 0.088000 0.004000 0.180000 0.000000 0.004000 0.152000 0.004000 0.012000 0.096000 0.008000 0.004000 0.084000 0.136000
5.000000 -0.000508 0 0.012000 0.016000 0.016000 0.004000 0.012000 0.012000 0.140000 0.116000 0.000000 0.176000 0.012000 0.012000 0.124000 0.008000 0.016000 0.100000 0.016000 0.004000 0.084000 0.120000
5.000000 -0.000508 0 0.016000 0.004000 0.008000 0.012000 0.028000 0.024000 0.112000 0.100000 0.008000 0.132000 0.012000 0.012000 0.200000 0.004000 0.012000 0.080000 0.016000 0.000000 0.120000 0.100000
5.000000 -0.000508 0 0.008000 0.012000 0.024000 0.004000 0.024000 0.004000 0.140000 0.088000 0.008000 0.152000 0.004000 0.032000 0.172000 0.004000 0.004000 0.100000 0.008000 0.004000 0.104000 0.104000
5.000000 -0.000508 0 0.028000 0.012000 0.012000 0.008000 0.028000 0.020000 0.132000 0.120000 0.008000 0.140000 0.004000 0.000000 0.168000 0.004000 0.016000 0.080000 0.008000 0.000000 0.148000 0.064000
5.000000 -0.000561 0 0.008000 0.004000 0.044000 0.004000 0.028000 0.028000 0.116000 0.120000 0.008000 0.132000 0.004000 0.008000 0.148000 0.004000 0.008000 0.084000 0.012000 0.004000 0.120000 0.116000
5.000000 -0.000610 0 0.012000 0.012000 0.028000 0.012000 0.036000 0.012000 0.156000 0.128000 0.008000 0.116000 0.012000 0.004000 0.164000 0.004000 0.012000 0.052000 0.012000 0.000000 0.108000 0.112000
5.000000 -0.000690 0 0.008000 0.008000 0.040000 0.012000 0.032000 0.024000 0.120000 0.100000 0.008000 0.160000 0.000000 0.016000 0.132000 0.000000 0.012000 0.092000 0.012000 0.000000 0.112000 0.112000
5.000000 -0.000690 0 0.008000 0.024000 0.020000 0.008000 0.024000 0.008000 0.108000 0.092000 0.008000 0.132000 0.000000 0.020000 0.148000 0.000000 0.016000 0.104000 0.020000 0.000000 0.112000 0.148000
5.000000 -0.000690 0 0.004000 0.008000 0.020000 0.008000 0.024000 0.012000 0.108000 0.136000 0.000000 0.136000 0.004000 0.032000 0.184000 0.000000 0.008000 0.104000 0.004000 0.004000 0.116000 0.088000
5.000000 -0.000690 0 0.008000 0.004000 0.016000 0.004000 0.020000 0.036000 0.160000 0.076000 0.012000 0.164000 0.008000 0.016000 0.176000 0.008000 0.004000 0.104000 0.004000 0.004000 0.088000 0.088000
5.000000 -0.000956 0 0.024000 0.004000 0.020000 0.004000 0.024000 0.012000 0.140000 0.092000 0.016000 0.184000 0.004000 0.012000 0.152000 0.000000 0.012000 0.080000 0.016000 0.000000 0.088000 0.116000
5.000000 -0.000956 0 0.012000 0.008000 0.028000 0.012000 0.012000 0.020000 0.124000 0.156000 0.004000 0.144000 0.012000 0.004000 0.140000 0.008000 0.004000 0.068000 0.012000 0.000000 0.092000 0.140000
5.000000 -0.000956 0 0.012000 0.008000 0.008000 0.016000 0.024000 0.020000 0.132000 0.080000 0.000000 0.196000 0.004000 0.016000 0.168000 0.008000 0.008000 0.100000 0.008000 0.000000 0.108000 0.084000
5.000000 -0.000896 0 0.008000 0.016000 0.036000 0.008000 0.024000 0.008000 0.112000 0.104000 0.020000 0.132000 0.004000 0.008000 0.160000 0.004000 0.028000 0.092000 0.004000 0.000000 0.120000 0.112000
5.000000 -0.000960 0 0.012000 0.008000 0.012000 0.008000 0.024000 0.016000 0.104000 0.144000 0.016000 0.128000 0.000000 0.012000 0.164000 0.004000 0.012000 0.084000 0.020000 0.000000 0.128000 0.104000
5.000000 -0.000891 0 0.020000 0.004000 0.032000 0.008000 0.032000 0.000000 0.116000 0.088000 0.016000 0.160000 0.000000 0.000000 0.176000 0.004000 0.008000 0.124000 0.004000 0.008000 0.100000 0.100000
5.000000 -0.000833 0 0.004000 0.020000 0.032000 0.008000 0.016000 0.028000 0.104000 0.100000 0.000000 0.160000 0.008000 0.008000 0.192000 0.000000 0.000000 0.088000 0.020000 0.000000 0.096000 0.116000
5.000000 -0.000833 0 0.008000 0.016000 0.016000 0.004000 0.020000 0.024000 0.124000 0.088000 0.004000 0.172000 0.008000 0.020000 0.172000 0.004000 0.008000 0.108000 0.012000 0.000000 0.044000 0.148000
5.000000 -0.000831 0 0.004000 0.008000 0.028000 0.004000 0.016000 0.020000 0.140000 0.112000 0.008000 0.160000 0.008000 0.008000 0.156000 0.008000 0.016000 0.084000 0.016000 0.004000 0.100000 0.100000
5.000000 -0.000758 0 0.024000 0.016000 0.008000 0.008000 0.028000 0.012000 0.136000 0.120000 0.004000 0.156000 0.004000 0.016000 0.160000 0.008000 0.016000 0.096000 0.012000 0.000000 0.092000 0.084000
5.000000 -0.001032 0 0.016000 0.016000 0.012000 0.004000 0.044000 0.028000 0.124000 0.088000 0.004000 0.168000 0.000000 0.000000 0.156000 0.004000 0.004000 0.112000 0.008000 0.004000 0.088000 0.120000
5.000000 -0.001032 0 0.000000 0.024000 0.020000 0.000000 0.008000 0.024000 0.168000 0.104000 0.012000 0.180000 0.008000 0.016000 0.160000 0.004000 0.008000 0.068000 0.008000 0.000000 0.100000 0.088000
5.000000 -0.001032 0 0.016000 0.024000 0.028000 0.004000 0.012000 0.016000 0.152000 0.100000 0.008000 0.188000 0.000000 0.012000 0.120000 0.004000 0.024000 0.076000 0.016000 0.008000 0.100000 0.092000
5.000000 -0.001032 0 0.008000 0.004000 0.048000 0.004000 0.024000 0.012000 0.116000 0.120000 0.008000 0.160000 0.000000 0.004000 0.124000 0.024000 0.008000 0.080000 0.020000 0.004000 0.124000 0.108000
5.000000 -0.001032 0 0.008000 0.012000 0.036000 0.004000 0.012000 0.028000 0.100000 0.096000 0.008000 0.176000 0.004000 0.020000 0.164000 0.004000 0.008000 0.100000 0.004000 0.000000 0.088000 0.128000
5.000000 -0.001032 0 0.020000 0.016000 0.024000 0.012000 0.020000 0.012000 0.156000 0.124000 0.012000 0.176000 0.000000 0.004000 0.140000 0.004000 0.008000 0.044000 0.016000 0.000000 0.104000 0.108000
5.000000 -0.001022 0 0.008000 0.012000 0.016000 0.016000 0.024000 0.020000 0.132000 0.132000 0.008000 0.144000 0.004000 0.016000 0.184000 0.004000 0.020000 0.076000 0.008000 0.004000 0.104000 0.068000
5.000000 -0.000947 0 0.016000 0.016000 0.008000 0.000000 0.024000 0.032000 0.132000 0.080000 0.000000 0.172000 0.004000 0.016000 0.152000 0.004000 0.020000 0.084000 0.004000 0.000000 0.116000 0.120000
5.000000 -0.000960 0 0.020000 0.020000 0.032000 0.000000 0.012000 0.032000 0.124000 0.104000 0.004000 0.132000 0.004000 0.008000 0.124000 0.008000 0.020000 0.108000 0.020000 0.004000 0.116000 0.108000
5.000000 -0.001024 0 0.024000 0.012000 0.028000 0.008000 0.016000 0.028000 0.108000 0.096000 0.008000 0.168000 0.004000 0.012000 0.152000 0.004000 0.020000 0.084000 0.012000 0.000000 0.104000 0.112000
5.000000 -0.001280 0 0.012000 0.012000 0.040000 0.012000 0.016000 0.032000 0.084000 0.136000 0.000000 0.144000 0.008000 0.012000 0.156000 0.008000 0.012000 0.088000 0.008000 0.004000 0.112000 0.104000
5.000000 -0.001280 0 0.012000 0.000000 0.028000 0.004000 0.024000 0.024000 0.148000 0.140000 0.004000 0.108000 0.000000 0.020000 0.152000 0.004000 0.004000 0.092000 0.012000 0.000000 0.096000 0.128000
5.000000 -0.001280 0 0.000000 0.012000 0.032000 0.008000 0.020000 0.004000 0.168000 0.120000 0.004000 0.112000 0.004000 0.016000 0.168000 0.000000 0.004000 0.096000 0.012000 0.004000 0.100000 0.116000
5.000000 -0.001280 0 0.024000 0.012000 0.016000 0.012000 0.016000 0.024000 0.124000 0.108000 0.004000 0.132000 0.004000 0.008000 0.148000 0.016000 0.028000 0.116000 0.004000 0.000000 0.108000 0.096000
5.000000 -0.001472 0 0.004000 0.004000 0.008000 0.000000 0.024000 0.008000 0.148000 0.108000 0.008000 0.164000 0.000000 0.012000 0.164000 0.004000 0.008000 0.104000 0.008000 0.000000 0.104000 0.120000
5.000000 -0.001474 0 0.004000 0.008000 0.020000 0.000000 0.016000 0.032000 0.156000 0.076000 0.012000 0.152000 0.012000 0.012000 0.160000 0.008000 0.016000 0.096000 0.016000 0.000000 0.116000 0.088000
5.000000 -0.001653 0 0.028000 0.008000 0.020000 0.004000 0.016000 0.016000 0.124000 0.100000 0.008000 0.192000 0.004000 0.008000 0.160000 0.000000 0.008000 0.096000 0.012000 0.000000 0.080000 0.116000
5.000000 -0.001884 0 0.008000 0.020000 0.004000 0.004000 0.020000 0.012000 0.144000 0.140000 0.004000 0.148000 0.000000 0.012000 0.148000 0.004000 0.008000 0.092000 0.020000 0.000000 0.072000 0.140000
5.000000 -0.001884 0 0.020000 0.008000 0.024000 0.004000 0.024000 0.016000 0.092000 0.128000 0.000000 0.160000 0.004000 0.020000 0.116000 0.004000 0.020000 0.116000 0.020000 0.000000 0.084000 0.140000
5.000000 -0.002167 0 0.004000 0.004000 0.020000 0.000000 0.004000 0.024000 0.132000 0.120000 0.000000 0.156000 0.000000 0.016000 0.184000 0.004000 0.008000 0.072000 0.016000 0.000000 0.120000 0.116000
5.000000 -0.001988 0 0.008000 0.012000 0.028000 0.004000 0.008000 0.028000 0.132000 0.100000 0.008000 0.152000 0.000000 0.012000 0.184000 0.000000 0.008000 0.076000 0.004000 0.000000 0.092000 0.144000
5.000000 -0.001988 0 0.008000 0.024000 0.020000 0.008000 0.008000 0.016000 0.120000 0.124000 0.012000 0.104000 0.004000 0.024000 0.192000 0.004000 0.020000 0.100000 0.024000 0.004000 0.092000 0.092000
5.000000 -0.001988 0 0.008000 0.008000 0.028000 0.004000 0.016000 0.020000 0.112000 0.160000 0.012000 0.128000 0.000000 0.024000 0.164000 0.000000 0.012000 0.100000 0.012000 0.000000 0.088000 0.104000
5.000000 -0.002053 0 0.012000 0.012000 0.020000 0.000000 0.024000 0.016000 0.112000 0.160000 0.004000 0.140000 0.004000 0.024000 0.168000 0.000000 0.004000 0.092000 0.008000 0.004000 0.084000 0.112000
5.000000 -0.002231 0 0.020000 0.008000 0.024000 0.020000 0.020000 0.016000 0.108000 0.144000 0.008000 0.128000 0.000000 0.008000 0.152000 0.012000 0.004000 0.088000 0.008000 0.004000 0.116000 0.112000
5.000000 -0.002453 0 0.012000 0.012000 0.036000 0.008000 0.024000 0.020000 0.144000 0.084000 0.004000 0.184000 0.016000 0.008000 0.104000 0.004000 0.016000 0.100000 0.008000 0.000000 0.108000 0.108000
5.000000 -0.002453 0 0.012000 0.020000 0.020000 0.020000 0.012000 0.016000 0.132000 0.136000 0.008000 0.144000 0.004000 0.012000 0.180000 0.004000 0.024000 0.076000 0.008000 0.000000 0.064000 0.108000
5.000000 -0.002537 0 0.016000 0.008000 0.020000 0.004000 0.024000 0.004000 0.124000 0.152000 0.012000 0.144000 0.012000 0.020000 0.140000 0.004000 0.024000 0.100000 0.008000 0.000000 0.080000 0.104000
5.000000 -0.002539 0 0.024000 0.016000 0.012000 0.004000 0.024000 0.016000 0.156000 0.120000 0.000000 0.156000 0.008000 0.016000 0.176000 0.004000 0.020000 0.088000 0.004000 0.004000 0.056000 0.096000
5.000000 -0.002814 0 0.020000 0.016000 0.024000 0.008000 0.016000 0.012000 0.136000 0.136000 0.012000 0.140000 0.012000 0.024000 0.128000 0.012000 0.004000 0.092000 0.016000 0.004000 0.080000 0.108000
5.000000 -0.002559 0 0.008000 0.012000 0.032000 0.004000 0.012000 0.016000 0.136000 0.124000 0.000000 0.124000 0.004000 0.020000 0.196000 0.008000 0.020000 0.084000 0.004000 0.000000 0.084000 0.112000
5.000000 -0.002621 0 0.020000 0.012000 0.028000 0.008000 0.016000 0.024000 0.136000 0.104000 0.008000 0.164000 0.004000 0.036000 0.136000 0.004000 0.012000 0.104000 0.024000 0.000000 0.072000 0.088000
5.000000 -0.002867 0 0.016000 0.016000 0.020000 0.000000 0.012000 0.020000 0.136000 0.116000 0.008000 0.168000 0.016000 0.020000 0.148000 0.000000 0.008000 0.104000 0.016000 0.000000 0.064000 0.112000
5.000000 -0.002945 0 0.016000 0.016000 0.032000 0.004000 0.012000 0.024000 0.096000 0.116000 0.004000 0.120000 0.012000 0.032000 0.164000 0.008000 0.020000 0.128000 0.004000 0.000000 0.092000 0.100000
5.000000 -0.002945 0 0.012000 0.012000 0.024000 0.004000 0.012000 0.024000 0.104000 0.144000 0.012000 0.180000 0.000000 0.012000 0.164000 0.008000 0.012000 0.076000 0.004000 0.000000 0.112000 0.084000
5.000000 -0.003477 0 0.004000 0.008000 0.044000 0.012000 0.020000 0.012000 0.152000 0.160000 0.004000 0.116000 0.004000 0.008000 0.164000 0.004000 0.016000 0.064000 0.008000 0.000000 0.096000 0.104000
5.000000 -0.003434 0 0.008000 0.016000 0.028000 0.000000 0.012000 0.024000 0.140000 0.144000 0.012000 0.136000 0.008000 0.008000 0.148000 0.000000 0.012000 0.088000 0.016000 0.004000 0.080000 0.116000
5.000000 -0.003516 0 0.016000 0.012000 0.028000 0.000000 0.008000 0.012000 0.152000 0.120000 0.000000 0.156000 0.000000 0.024000 0.172000 0.004000 0.016000 0.096000 0.000000 0.000000 0.060000 0.124000
5.000000 -0.003438 0 0.016000 0.024000 0.020000 0.000000 0.028000 0.024000 0.144000 0.076000 0.008000 0.156000 0.004000 0.016000 0.140000 0.000000 0.012000 0.108000 0.004000 0.000000 0.104000 0.116000
5.000000 -0.003438 0 0.004000 0.012000 0.028000 0.008000 0.020000 0.036000 0.164000 0.112000 0.024000 0.108000 0.000000 0.012000 0.120000 0.000000 0.012000 0.096000 0.016000 0.000000 0.116000 0.112000
5.000000 -0.003255 0 0.016000 0.024000 0.032000 0.012000 0.008000 0.012000 0.124000 0.124000 0.000000 0.148000 0.004000 0.016000 0.136000 0.000000 0.012000 0.108000 0.004000 0.000000 0.128000 0.092000
5.000000 -0.003530 0 0.000000 0.012000 0.036000 0.004000 0.028000 0.012000 0.132000 0.144000 0.008000 0.148000 0.008000 0.008000 0.132000 0.000000 0.012000 0.088000 0.012000 0.000000 0.104000 0.112000
5.000000 -0.003530 0 0.016000 0.016000 0.020000 0.000000 0.008000 0.008000 0.140000 0.116000 0.004000 0.140000 0.004000 0.008000 0.180000 0.004000 0.008000 0.084000 0.008000 0.000000 0.092000 0.144000
5.000000 -0.003530 0 0.024000 0.012000 0.028000 0.000000 0.012000 0.024000 0.132000 0.092000 0.016000 0.152000 0.000000 0.012000 0.168000 0.000000 0.004000 0.100000 0.012000 0.000000 0.072000 0.140000
5.000000 -0.003338 0 0.012000 0.012000 0.020000 0.012000 0.020000 0.024000 0.112000 0.116000 0.000000 0.160000 0.000000 0.032000 0.152000 0.004000 0.028000 0.072000 0.024000 0.000000 0.100000 0.100000
5.000000 -0.003483 0 0.016000 0.012000 0.028000 0.008000 0.008000 0.028000 0.108000 0.136000 0.012000 0.104000 0.000000 0.020000 0.120000 0.012000 0.024000 0.132000 0.016000 0.000000 0.108000 0.108000
5.000000 -0.003268 0 0.020000 0.012000 0.032000 0.004000 0.012000 0.016000 0.144000 0.108000 0.004000 0.148000 0.004000 0.016000 0.124000 0.012000 0.016000 0.116000 0.020000 0.000000 0.080000 0.112000
5.000000 -0.003028 0 0.028000 0.012000 0.024000 0.004000 0.016000 0.012000 0.148000 0.140000 0.016000 0.140000 0.016000 0.012000 0.144000 0.008000 0.004000 0.084000 0.012000 0.008000 0.084000 0.088000
5.000000 -0.003095 0 0.008000 0.008000 0.040000 0.000000 0.016000 0.048000 0.124000 0.124000 0.004000 0.144000 0.012000 0.024000 0.120000 0.004000 0.020000 0.120000 0.004000 0.000000 0.072000 0.108000
5.000000 -0.002881 0 0.004000 0.024000 0.028000 0.004000 0.016000 0.008000 0.132000 0.132000 0.000000 0.176000 0.004000 0.020000 0.152000 0.000000 0.020000 0.084000 0.012000 0.004000 0.084000 0.096000
5.000000 -0.002801 0 0.000000 0.008000 0.024000 0.000000 0.020000 0.028000 0.132000 0.164000 0.008000 0.140000 0.004000 0.016000 0.140000 0.008000 0.008000 0.112000 0.008000 0.008000 0.076000 0.096000
5.000000 -0.003092 0 0.004000 0.016000 0.020000 0.000000 0.028000 0.020000 0.144000 0.164000 0.004000 0.172000 0.000000 0.020000 0.108000 0.000000 0.012000 0.104000 0.008000 0.000000 0.104000 0.072000
5.000000 -0.003092 0 0.024000 0.020000 0.012000 0.000000 0.044000 0.016000 0.112000 0.096000 0.008000 0.152000 0.000000 0.020000 0.188000 0.000000 0.016000 0.076000 0.004000 0.000000 0.088000 0.124000
5.000000 -0.003293 0 0.004000 0.012000 0.032000 0.004000 0.020000 0.028000 0.108000 0.116000 0.012000 0.180000 0.004000 0.000000 0.136000 0.004000 0.004000 0.120000 0.012000 0.004000 0.084000 0.116000
5.000000 -0.003592 0 0.008000 0.012000 0.020000 0.004000 0.024000 0.024000 0.128000 0.144000 0.016000 0.140000 0.008000 0.012000 0.208000 0.004000 0.016000 0.084000 0.008000 0.004000 0.052000 0.084000
5.000000 -0.003399 0 0.008000 0.012000 0.036000 0.004000 0.016000 0.016000 0.128000 0.136000 0.012000 0.156000 0.004000 0.012000 0.112000 0.004000 0.012000 0.112000 0.000000 0.004000 0.100000 0.116000
5.000000 -0.003399 0 0.012000 0.012000 0.020000 0.008000 0.024000 0.040000 0.156000 0.148000 0.012000 0.128000 0.000000 0.012000 0.128000 0.004000 0.012000 0.092000 0.008000 0.000000 0.096000 0.088000
5.000000 -0.003896 0 0.015152 0.020202 0.015152 0.010101 0.025253 0.015152 0.131313 0.090909 0.005051 0.176768 0.000000 0.000000 0.121212 0.015152 0.020202 0.121212 0.015152 0.000000 0.090909 0.111111
5.000000 -0.004036 0 0.020000 0.012000 0.016000 0.004000 0.016000 0.004000 0.176000 0.104000 0.012000 0.128000 0.012000 0.004000 0.160000 0.000000 0.032000 0.096000 0.008000 0.000000 0.076000 0.120000
5.000000 -0.003728 0 0.016000 0.008000 0.032000 0.004000 0.020000 0.028000 0.132000 0.100000 0.004000 0.164000 0.008000 0.016000 0.160000 0.004000 0.012000 0.084000 0.004000 0.000000 0.104000 0.100000
5.000000 -0.003728 0 0.024000 0.012000 0.044000 0.008000 0.008000 0.036000 0.176000 0.096000 0.004000 0.124000 0.000000 0.012000 0.136000 0.004000 0.016000 0.100000 0.012000 0.000000 0.088000 0.100000
5.000000 -0.003996 0 0.004000 0.008000 0.020000 0.004000 0.004000 0.008000 0.104000 0.164000 0.008000 0.172000 0.000000 0.004000 0.136000 0.004000 0.024000 0.116000 0.012000 0.000000 0.064000 0.144000
5.000000 -0.003843 0 0.008000 0.020000 0.020000 0.008000 0.016000 0.032000 0.160000 0.144000 0.000000 0.128000 0.004000 0.012000 0.112000 0.008000 0.004000 0.096000 0.004000 0.000000 0.104000 0.120000
5.000000 -0.003766 0 0.004000 0.020000 0.024000 0.000000 0.008000 0.028000 0.140000 0.128000 0.008000 0.124000 0.004000 0.012000 0.156000 0.004000 0.012000 0.096000 0.016000 0.004000 0.092000 0.120000
5.000000 -0.003989 0 0.008000 0.012000 0.036000 0.008000 0.004000 0.024000 0.120000 0.132000 0.008000 0.172000 0.004000 0.012000 0.144000 0.004000 0.004000 0.096000 0.012000 0.000000 0.076000 0.124000
5.000000 -0.003524 0 0.008000 0.004000 0.032000 0.008000 0.016000 0.004000 0.128000 0.124000 0.020000 0.124000 0.008000 0.004000 0.192000 0.000000 0.012000 0.080000 0.012000 0.004000 0.092000 0.128000
5.000000 -0.003524 0 0.016000 0.016000 0.032000 0.008000 0.016000 0.012000 0.176000 0.140000 0.012000 0.124000 0.000000 0.020000 0.100000 0.004000 0.028000 0.124000 0.012000 0.000000 0.060000 0.100000
5.000000 -0.003451 0 0.012000 0.012000 0.040000 0.004000 0.016000 0.012000 0.168000 0.152000 0.008000 0.160000 0.004000 0.008000 0.112000 0.000000 0.020000 0.088000 0.004000 0.000000 0.076000 0.104000
5.000000 -0.003717 0 0.004000 0.016000 0.032000 0.004000 0.020000 0.020000 0.152000 0.112000 0.008000 0.096000 0.008000 0.020000 0.092000 0.004000 0.016000 0.120000 0.012000 0.000000 0.140000 0.124000
5.000000 -0.003712 0 0.012000 0.008000 0.012000 0.004000 0.016000 0.024000 0.204000 0.128000 0.008000 0.148000 0.004000 0.004000 0.140000 0.008000 0.024000 0.108000 0.008000 0.000000 0.044000 0.096000
5.000000 -0.003652 0 0.024000 0.016000 0.032000 0.000000 0.016000 0.028000 0.152000 0.124000 0.004000 0.132000 0.000000 0.004000 0.160000 0.000000 0.012000 0.092000 0.012000 0.000000 0.060000 0.132000
5.000000 -0.003608 0 0.036000 0.024000 0.020000 0.008000 0.016000 0.016000 0.100000 0.124000 0.000000 0.132000 0.012000 0.016000 0.152000 0.000000 0.028000 0.088000 0.012000 0.000000 0.092000 0.124000
5.000000 -0.003608 0 0.004000 0.008000 0.032000 0.000000 0.004000 0.028000 0.112000 0.148000 0.004000 0.164000 0.008000 0.020000 0.140000 0.000000 0.012000 0.088000 0.012000 0.000000 0.076000 0.140000
5.000000 -0.003608 0 0.024000 0.008000 0.020000 0.000000 0.004000 0.028000 0.136000 0.132000 0.012000 0.164000 0.004000 0.028000 0.160000 0.000000 0.008000 0.068000 0.008000 0.000000 0.056000 0.140000
5.000000 -0.003520 0 0.024000 0.008000 0.028000 0.004000 0.024000 0.024000 0.136000 0.140000 0.004000 0.164000 0.000000 0.012000 0.116000 0.000000 0.008000 0.080000 0.008000 0.000000 0.080000 0.140000
5.000000 -0.003306 0 0.012000 0.028000 0.020000 0.008000 0.008000 0.016000 0.168000 0.108000 0.000000 0.128000 0.020000 0.012000 0.132000 0.004000 0.020000 0.100000 0.024000 0.000000 0.068000 0.124000
5.000000 -0.003306 0 0.012000 0.016000 0.028000 0.000000 0.012000 0.032000 0.120000 0.128000 0.000000 0.132000 0.004000 0.028000 0.156000 0.004000 0.012000 0.116000 0.016000 0.000000 0.092000 0.092000
5.000000 -0.003388 0 0.016000 0.000000 0.016000 0.004000 0.012000 0.040000 0.144000 0.140000 0.016000 0.120000 0.012000 0.008000 0.132000 0.000000 0.016000 0.112000 0.008000 0.000000 0.072000 0.132000
5.000000 -0.003388 0 0.028000 0.004000 0.024000 0.004000 0.012000 0.028000 0.124000 0.124000 0.000000 0.156000 0.012000 0.004000 0.144000 0.000000 0.028000 0.120000 0.016000 0.000000 0.052000 0.120000
5.000000 -0.003336 0 0.016000 0.012000 0.036000 0.004000 0.016000 0.032000 0.164000 0.172000 0.000000 0.116000 0.000000 0.008000 0.120000 0.004000 0.016000 0.080000 0.012000 0.000000 0.088000 0.104000
5.000000 -0.003391 0 0.016000 0.024000 0.020000 0.000000 0.012000 0.016000 0.120000 0.160000 0.004000 0.120000 0.004000 0.024000 0.180000 0.004000 0.012000 0.064000 0.024000 0.000000 0.076000 0.120000
5.000000 -0.003091 0 0.008000 0.024000 0.024000 0.004000 0.016000 0.016000 0.124000 0.096000 0.012000 0.156000 0.004000 0.028000 0.152000 0.000000 0.024000 0.108000 0.016000 0.000000 0.072000 0.116000
5.000000 -0.003091 0 0.012000 0.004000 0.028000 0.000000 0.004000 0.028000 0.144000 0.160000 0.004000 0.104000 0.004000 0.004000 0.180000 0.008000 0.000000 0.108000 0.008000 0.004000 0.088000 0.108000
5.000000 -0.002783 0 0.024000 0.020000 0.020000 0.008000 0.012000 0.012000 0.148000 0.132000 0.004000 0.172000 0.004000 0.032000 0.100000 0.004000 0.012000 0.112000 0.012000 0.000000 0.068000 0.104000
5.000000 -0.002292 0 0.008000 0.012000 0.060000 0.012000 0.016000 0.008000 0.132000 0.124000 0.016000 0.108000 0.004000 0.012000 0.128000 0.000000 0.020000 0.164000 0.004000 0.000000 0.060000 0.112000
5.000000 -0.002317 0 0.028000 0.028000 0.044000 0.000000 0.024000 0.024000 0.120000 0.120000 0.000000 0.120000 0.004000 0.036000 0.140000 0.004000 0.012000 0.100000 0.012000 0.000000 0.080000 0.104000
5.000000 -0.002388 0 0.012000 0.008000 0.036000 0.000000 0.020000 0.020000 0.168000 0.132000 0.000000 0.144000 0.008000 0.020000 0.112000 0.004000 0.016000 0.072000 0.028000 0.004000 0.076000 0.120000
5.000000 -0.001861 0 0.024000 0.024000 0.012000 0.000000 0.012000 0.028000 0.112000 0.148000 0.004000 0.120000 0.004000 0.016000 0.128000 0.004000 0.008000 0.140000 0.008000 0.000000 0.084000 0.124000
5.000000 -0.001562 0 0.020000 0.016000 0.044000 0.008000 0.012000 0.032000 0.164000 0.124000 0.000000 0.128000 0.012000 0.008000 0.132000 0.000000 0.008000 0.096000 0.012000 0.000000 0.072000 0.112000
5.000000 -0.001562 0 0.024000 0.016000 0.000000 0.004000 0.028000 0.028000 0.160000 0.108000 0.008000 0.116000 0.008000 0.016000 0.168000 0.000000 0.004000 0.112000 0.008000 0.000000 0.080000 0.112000
5.000000 -0.002640 0 0.012000 0.012000 0.036000 0.012000 0.020000 0.024000 0.144000 0.104000 0.008000 0.112000 0.008000 0.028000 0.128000 0.004000 0.032000 0.116000 0.012000 0.000000 0.088000 0.100000
5.000000 -0.002935 0 0.012000 0.012000 0.044000 0.008000 0.008000 0.036000 0.156000 0.108000 0.004000 0.140000 0.000000 0.020000 0.128000 0.008000 0.012000 0.108000 0.008000 0.004000 0.068000 0.116000
5.000000 -0.002849 0 0.008000 0.020000 0.024000 0.000000 0.012000 0.012000 0.112000 0.144000 0.008000 0.148000 0.000000 0.012000 0.152000 0.000000 0.008000 0.104000 0.012000 0.004000 0.088000 0.132000
5.000000 -0.003473 0 0.012000 0.004000 0.036000 0.008000 0.008000 0.024000 0.176000 0.140000 0.000000 0.176000 0.008000 0.020000 0.132000 0.000000 0.004000 0.076000 0.008000 0.000000 0.076000 0.092000
5.000000 -0.003225 0 0.004000 0.036000 0.040000 0.004000 0.020000 0.004000 0.148000 0.132000 0.000000 0.152000 0.004000 0.004000 0.132000 0.000000 0.024000 0.096000 0.012000 0.000000 0.084000 0.104000
5.000000 -0.003218 0 0.020000 0.012000 0.040000 0.000000 0.020000 0.032000 0.168000 0.140000 0.008000 0.128000 0.000000 0.016000 0.088000 0.012000 0.028000 0.104000 0.004000 0.000000 0.076000 0.104000
5.000000 -0.003271 0 0.020000 0.024000 0.028000 0.016000 0.000000 0.032000 0.152000 0.140000 0.000000 0.112000 0.000000 0.016000 0.104000 0.000000 0.020000 0.132000 0.020000 0.000000 0.076000 0.108000
5.000000 -0.003271 0 0.028000 0.012000 0.032000 0.000000 0.016000 0.032000 0.136000 0.140000 0.020000 0.108000 0.000000 0.016000 0.140000 0.004000 0.004000 0.116000 0.004000 0.000000 0.084000 0.108000
5.000000 -0.003066 0 0.012000 0.012000 0.040000 0.012000 0.028000 0.012000 0.116000 0.168000 0.004000 0.144000 0.004000 0.020000 0.132000 0.004000 0.020000 0.072000 0.008000 0.000000 0.068000 0.124000
5.000000 -0.003015 0 0.028000 0.032000 0.016000 0.000000 0.012000 0.012000 0.132000 0.136000 0.004000 0.132000 0.008000 0.004000 0.132000 0.000000 0.020000 0.084000 0.008000 0.000000 0.148000 0.092000
5.000000 -0.003551 0 0.012000 0.008000 0.024000 0.004000 0.004000 0.008000 0.160000 0.160000 0.012000 0.104000 0.016000 0.024000 0.176000 0.004000 0.008000 0.088000 0.016000 0.000000 0.072000 0.100000
5.000000 -0.004363 0 0.016000 0.012000 0.044000 0.004000 0.028000 0.024000 0.148000 0.112000 0.008000 0.132000 0.000000 0.008000 0.128000 0.000000 0.004000 0.124000 0.024000 0.004000 0.080000 0.100000
5.000000 -0.004363 0 0.012000 0.016000 0.020000 0.008000 0.024000 0.024000 0.100000 0.144000 0.004000 0.152000 0.008000 0.016000 0.164000 0.004000 0.016000 0.120000 0.000000 0.000000 0.032000 0.136000
5.000000 -0.004604 0 0.024000 0.016000 0.036000 0.000000 0.000000 0.016000 0.156000 0.148000 0.000000 0.140000 0.008000 0.020000 0.136000 0.000000 0.012000 0.100000 0.012000 0.000000 0.092000 0.084000
5.000000 -0.005206 0 0.020000 0.008000 0.028000 0.016000 0.020000 0.040000 0.144000 0.124000 0.008000 0.116000 0.016000 0.012000 0.152000 0.000000 0.008000 0.088000 0.012000 0.004000 0.064000 0.120000
5.000000 -0.005272 0 0.006289 0.012579 0.018868 0.000000 0.012579 0.018868 0.150943 0.138365 0.000000 0.150943 0.000000 0.025157 0.132075 0.000000 0.000000 0.138365 0.006289 0.000000 0.113208 0.075472
5.000000 -0.005848 0 0.020000 0.020000 0.024000 0.004000 0.024000 0.020000 0.124000 0.128000 0.004000 0.136000 0.008000 0.012000 0.132000 0.008000 0.012000 0.124000 0.004000 0.000000 0.072000 0.124000
5.000000 -0.006024 0 0.000000 0.012000 0.048000 0.012000 0.008000 0.036000 0.144000 0.168000 0.004000 0.112000 0.000000 0.012000 0.104000 0.000000 0.020000 0.120000 0.012000 0.000000 0.080000 0.108000
5.000000 -0.006249 0 0.024000 0.016000 0.024000 0.008000 0.004000 0.028000 0.160000 0.136000 0.004000 0.180000 0.000000 0.024000 0.128000 0.000000 0.008000 0.080000 0.004000 0.000000 0.080000 0.092000
5.000000 -0.006514 0 0.028000 0.020000 0.052000 0.012000 0.008000 0.008000 0.172000 0.132000 0.004000 0.136000 0.008000 0.028000 0.116000 0.004000 0.008000 0.076000 0.016000 0.000000 0.064000 0.108000
5.000000 -0.007174 0 0.028000 0.028000 0.032000 0.008000 0.016000 0.024000 0.120000 0.160000 0.000000 0.108000 0.000000 0.016000 0.120000 0.008000 0.020000 0.092000 0.008000 0.000000 0.076000 0.136000
5.000000 -0.007174 0 0.012000 0.012000 0.036000 0.000000 0.004000 0.016000 0.140000 0.168000 0.000000 0.108000 0.012000 0.020000 0.116000 0.004000 0.012000 0.120000 0.008000 0.000000 0.072000 0.140000
5.000000 -0.007248 0 0.004000 0.012000 0.020000 0.004000 0.008000 0.024000 0.136000 0.172000 0.004000 0.160000 0.000000 0.016000 0.112000 0.000000 0.012000 0.108000 0.008000 0.008000 0.060000 0.132000
5.000000 -0.007302 0 0.020000 0.012000 0.020000 0.008000 0.024000 0.020000 0.176000 0.116000 0.004000 0.156000 0.004000 0.016000 0.120000 0.000000 0.008000 0.100000 0.012000 0.000000 0.080000 0.104000
5.000000 -0.008354 0 0.020000 0.020000 0.016000 0.000000 0.008000 0.032000 0.152000 0.160000 0.000000 0.124000 0.008000 0.008000 0.152000 0.000000 0.008000 0.100000 0.008000 0.000000 0.080000 0.104000
5.000000 -0.008352 0 0.016000 0.004000 0.048000 0.008000 0.016000 0.032000 0.140000 0.120000 0.000000 0.128000 0.000000 0.008000 0.152000 0.000000 0.004000 0.112000 0.016000 0.008000 0.084000 0.104000
5.000000 -0.008280 0 0.004000 0.004000 0.056000 0.004000 0.020000 0.028000 0.144000 0.132000 0.000000 0.176000 0.000000 0.020000 0.100000 0.000000 0.008000 0.068000 0.028000 0.000000 0.080000 0.128000
5.000000 -0.008276 0 0.036000 0.028000 0.048000 0.000000 0.008000 0.028000 0.132000 0.088000 0.008000 0.136000 0.004000 0.036000 0.120000 0.004000 0.008000 0.104000 0.004000 0.000000 0.088000 0.120000
5.000000 -0.008866 0 0.008000 0.000000 0.020000 0.012000 0.012000 0.032000 0.152000 0.112000 0.004000 0.152000 0.004000 0.008000 0.148000 0.000000 0.012000 0.108000 0.020000 0.000000 0.060000 0.136000
5.000000 -0.009449 0 0.028000 0.016000 0.048000 0.016000 0.020000 0.004000 0.140000 0.116000 0.004000 0.176000 0.008000 0.000000 0.112000 0.000000 0.012000 0.108000 0.016000 0.000000 0.072000 0.104000
5.000000 -0.009449 0 0.028000 0.020000 0.036000 0.004000 0.028000 0.028000 0.144000 0.108000 0.004000 0.164000 0.004000 0.020000 0.140000 0.000000 0.008000 0.104000 0.004000 0.000000 0.052000 0.104000
5.000000 -0.009449 0 0.020000 0.012000 0.028000 0.000000 0.008000 0.028000 0.148000 0.108000 0.008000 0.132000 0.004000 0.012000 0.200000 0.004000 0.028000 0.084000 0.000000 0.000000 0.068000 0.108000
5.000000 -0.010040 0 0.020000 0.008000 0.032000 0.000000 0.020000 0.020000 0.160000 0.132000 0.012000 0.120000 0.008000 0.004000 0.120000 0.000000 0.008000 0.092000 0.008000 0.000000 0.064000 0.172000
5.000000 -0.011818 0 0.012000 0.008000 0.032000 0.012000 0.012000 0.012000 0.172000 0.120000 0.004000 0.136000 0.004000 0.016000 0.120000 0.000000 0.008000 0.124000 0.020000 0.000000 0.080000 0.108000
5.000000 -0.012331 0 0.018100 0.004525 0.054299 0.004525 0.018100 0.031674 0.149321 0.131222 0.000000 0.144796 0.000000 0.027149 0.117647 0.004525 0.018100 0.108597 0.004525 0.004525 0.049774 0.108597
5.000000 -0.013391 0 0.004000 0.020000 0.036000 0.016000 0.020000 0.036000 0.188000 0.092000 0.004000 0.128000 0.000000 0.016000 0.124000 0.004000 0.012000 0.100000 0.012000 0.000000 0.084000 0.104000
5.000000 -0.014380 0 0.028000 0.008000 0.028000 0.008000 0.012000 0.028000 0.160000 0.180000 0.000000 0.124000 0.008000 0.008000 0.136000 0.000000 0.008000 0.076000 0.016000 0.000000 0.064000 0.108000
5.000000 -0.014632 0 0.008000 0.024000 0.024000 0.004000 0.008000 0.032000 0.176000 0.148000 0.004000 0.112000 0.004000 0.016000 0.136000 0.000000 0.004000 0.092000 0.008000 0.000000 0.048000 0.152000
5.000000 -0.014630 0 0.036000 0.016000 0.028000 0.000000 0.008000 0.032000 0.116000 0.120000 0.004000 0.168000 0.004000 0.016000 0.112000 0.004000 0.012000 0.108000 0.008000 0.008000 0.060000 0.140000
5.000000 -0.014688 0 0.004000 0.008000 0.024000 0.000000 0.012000 0.016000 0.148000 0.164000 0.008000 0.132000 0.004000 0.020000 0.152000 0.000000 0.008000 0.132000 0.024000 0.000000 0.064000 0.080000
5.000000 -0.014106 0 0.024000 0.028000 0.020000 0.000000 0.016000 0.032000 0.148000 0.184000 0.004000 0.120000 0.004000 0.016000 0.140000 0.000000 0.016000 0.092000 0.016000 0.000000 0.060000 0.080000
5.000000 -0.013703 0 0.012000 0.016000 0.056000 0.000000 0.008000 0.028000 0.196000 0.168000 0.000000 0.092000 0.004000 0.016000 0.116000 0.000000 0.012000 0.112000 0.004000 0.000000 0.040000 0.120000
5.000000 -0.013947 0 0.028000 0.008000 0.036000 0.000000 0.016000 0.016000 0.132000 0.184000 0.016000 0.116000 0.008000 0.012000 0.156000 0.008000 0.008000 0.108000 0.008000 0.000000 0.048000 0.092000
5.000000 -0.013963 0 0.012000 0.012000 0.028000 0.004000 0.028000 0.016000 0.168000 0.136000 0.000000 0.120000 0.000000 0.020000 0.128000 0.004000 0.008000 0.136000 0.016000 0.000000 0.060000 0.104000
5.000000 -0.013907 0 0.024000 0.020000 0.020000 0.004000 0.016000 0.008000 0.160000 0.160000 0.000000 0.140000 0.004000 0.012000 0.120000 0.000000 0.008000 0.096000 0.020000 0.000000 0.068000 0.120000
5.000000 -0.014085 0 0.016000 0.016000 0.052000 0.012000 0.012000 0.020000 0.148000 0.136000 0.000000 0.104000 0.004000 0.016000 0.132000 0.004000 0.000000 0.136000 0.016000 0.004000 0.060000 0.112000
5.000000 -0.013397 0 0.024000 0.000000 0.032000 0.008000 0.024000 0.036000 0.184000 0.168000 0.004000 0.092000 0.000000 0.008000 0.124000 0.000000 0.020000 0.104000 0.028000 0.000000 0.068000 0.076000
5.000000 -0.014202 0 0.024000 0.004000 0.060000 0.004000 0.016000 0.028000 0.180000 0.108000 0.004000 0.120000 0.008000 0.024000 0.128000 0.000000 0.000000 0.128000 0.020000 0.000000 0.048000 0.096000
5.000000 -0.013994 0 0.016000 0.024000 0.036000 0.008000 0.008000 0.036000 0.188000 0.132000 0.000000 0.116000 0.004000 0.012000 0.116000 0.000000 0.012000 0.120000 0.020000 0.000000 0.088000 0.064000
5.000000 -0.014770 0 0.024000 0.024000 0.040000 0.000000 0.008000 0.020000 0.148000 0.108000 0.008000 0.120000 0.000000 0.012000 0.148000 0.000000 0.016000 0.148000 0.012000 0.000000 0.060000 0.104000
5.000000 -0.014059 0 0.016000 0.012000 0.048000 0.008000 0.028000 0.044000 0.128000 0.148000 0.000000 0.136000 0.000000 0.008000 0.132000 0.000000 0.008000 0.108000 0.024000 0.000000 0.036000 0.116000
5.000000 -0.015116 0 0.016000 0.012000 0.036000 0.004000 0.008000 0.024000 0.192000 0.180000 0.000000 0.088000 0.000000 0.032000 0.108000 0.000000 0.004000 0.132000 0.000000 0.004000 0.072000 0.088000
5.000000 -0.015296 0 0.008000 0.012000 0.040000 0.004000 0.024000 0.024000 0.136000 0.188000 0.000000 0.096000 0.012000 0.016000 0.132000 0.000000 0.000000 0.144000 0.016000 0.004000 0.052000 0.092000
5.000000 -0.016797 0 0.012000 0.016000 0.016000 0.004000 0.008000 0.024000 0.152000 0.152000 0.012000 0.124000 0.004000 0.004000 0.132000 0.000000 0.008000 0.156000 0.016000 0.000000 0.064000 0.096000
5.000000 -0.015781 0 0.016000 0.012000 0.052000 0.004000 0.028000 0.020000 0.140000 0.124000 0.000000 0.148000 0.004000 0.004000 0.152000 0.000000 0.012000 0.108000 0.012000 0.000000 0.056000 0.108000
5.000000 -0.015719 0 0.004000 0.020000 0.036000 0.012000 0.008000 0.036000 0.172000 0.136000 0.004000 0.108000 0.012000 0.008000 0.136000 0.000000 0.012000 0.128000 0.012000 0.000000 0.036000 0.120000
5.000000 -0.015972 0 0.024000 0.016000 0.052000 0.000000 0.024000 0.028000 0.132000 0.148000 0.004000 0.160000 0.008000 0.020000 0.108000 0.000000 0.004000 0.132000 0.000000 0.000000 0.060000 0.080000
5.000000 -0.017041 0 0.020000 0.012000 0.052000 0.000000 0.008000 0.040000 0.128000 0.132000 0.000000 0.128000 0.012000 0.000000 0.140000 0.000000 0.008000 0.104000 0.020000 0.000000 0.040000 0.156000
5.000000 -0.016455 0 0.016000 0.008000 0.028000 0.004000 0.012000 0.032000 0.152000 0.168000 0.008000 0.152000 0.008000 0.016000 0.104000 0.000000 0.000000 0.120000 0.000000 0.004000 0.044000 0.124000
5.000000 -0.016057 0 0.012000 0.012000 0.028000 0.008000 0.024000 0.024000 0.196000 0.132000 0.004000 0.120000 0.000000 0.020000 0.148000 0.000000 0.008000 0.096000 0.004000 0.004000 0.072000 0.088000
5.000000 -0.015690 0 0.028000 0.008000 0.012000 0.008000 0.016000 0.044000 0.152000 0.172000 0.000000 0.124000 0.000000 0.024000 0.136000 0.000000 0.004000 0.116000 0.008000 0.008000 0.040000 0.100000
5.000000 -0.016580 0 0.024000 0.012000 0.036000 0.000000 0.012000 0.020000 0.164000 0.160000 0.004000 0.100000 0.008000 0.004000 0.136000 0.000000 0.004000 0.124000 0.004000 0.000000 0.072000 0.116000
5.000000 -0.016745 0 0.020000 0.020000 0.032000 0.012000 0.020000 0.044000 0.156000 0.152000 0.004000 0.128000 0.016000 0.012000 0.080000 0.000000 0.012000 0.140000 0.000000 0.004000 0.040000 0.108000
5.000000 -0.016607 0 0.016000 0.016000 0.052000 0.000000 0.008000 0.048000 0.176000 0.144000 0.008000 0.112000 0.000000 0.016000 0.108000 0.000000 0.008000 0.092000 0.008000 0.004000 0.060000 0.124000
5.000000 -0.015897 0 0.020000 0.008000 0.040000 0.004000 0.008000 0.024000 0.148000 0.184000 0.008000 0.128000 0.004000 0.024000 0.100000 0.000000 0.004000 0.100000 0.020000 0.000000 0.048000 0.128000
5.000000 -0.015648 0 0.028000 0.012000 0.036000 0.000000 0.016000 0.044000 0.112000 0.168000 0.004000 0.132000 0.012000 0.020000 0.148000 0.000000 0.008000 0.124000 0.032000 0.000000 0.036000 0.068000
5.000000 -0.016921 0 0.016000 0.012000 0.028000 0.000000 0.012000 0.028000 0.148000 0.172000 0.000000 0.112000 0.008000 0.008000 0.128000 0.000000 0.004000 0.132000 0.012000 0.000000 0.052000 0.128000
5.000000 -0.017507 0 0.016000 0.004000 0.032000 0.000000 0.032000 0.028000 0.192000 0.148000 0.004000 0.120000 0.000000 0.012000 0.124000 0.004000 0.004000 0.128000 0.004000 0.000000 0.048000 0.100000
5.000000 -0.018180 0 0.008000 0.008000 0.052000 0.008000 0.020000 0.028000 0.144000 0.156000 0.004000 0.112000 0.008000 0.020000 0.112000 0.000000 0.008000 0.116000 0.016000 0.000000 0.068000 0.112000
5.000000 -0.022855 0 0.028000 0.020000 0.040000 0.004000 0.012000 0.036000 0.168000 0.172000 0.000000 0.096000 0.004000 0.012000 0.132000 0.000000 0.008000 0.112000 0.020000 0.000000 0.040000 0.096000
5.000000 -0.022855 0 0.044000 0.016000 0.016000 0.008000 0.016000 0.028000 0.168000 0.140000 0.004000 0.156000 0.000000 0.012000 0.096000 0.000000 0.004000 0.140000 0.012000 0.000000 0.036000 0.104000
5.000000 -0.022237 0 0.012000 0.020000 0.048000 0.008000 0.012000 0.044000 0.124000 0.172000 0.000000 0.144000 0.000000 0.016000 0.132000 0.000000 0.004000 0.116000 0.012000 0.000000 0.032000 0.104000
5.000000 -0.022595 0 0.024000 0.020000 0.028000 0.000000 0.036000 0.028000 0.148000 0.168000 0.000000 0.112000 0.008000 0.008000 0.108000 0.000000 0.016000 0.140000 0.016000 0.000000 0.036000 0.104000
5.000000 -0.022340 0 0.020000 0.016000 0.016000 0.004000 0.008000 0.040000 0.136000 0.192000 0.004000 0.124000 0.000000 0.024000 0.124000 0.000000 0.004000 0.120000 0.012000 0.000000 0.072000 0.084000
5.000000 -0.021819 0 0.036000 0.020000 0.040000 0.004000 0.024000 0.016000 0.144000 0.172000 0.004000 0.132000 0.000000 0.012000 0.108000 0.000000 0.008000 0.132000 0.000000 0.004000 0.052000 0.092000
5.000000 -0.022996 0 0.012000 0.032000 0.036000 0.004000 0.020000 0.024000 0.176000 0.160000 0.000000 0.108000 0.004000 0.012000 0.112000 0.004000 0.004000 0.120000 0.004000 0.000000 0.052000 0.116000
5.000000 -0.025066 0 0.020000 0.012000 0.044000 0.000000 0.012000 0.024000 0.180000 0.140000 0.004000 0.092000 0.008000 0.012000 0.124000 0.000000 0.008000 0.140000 0.004000 0.000000 0.040000 0.136000
5.000000 -0.026128 0 0.024000 0.008000 0.044000 0.008000 0.016000 0.024000 0.156000 0.176000 0.000000 0.112000 0.008000 0.016000 0.124000 0.000000 0.008000 0.116000 0.016000 0.004000 0.060000 0.080000
5.000000 -0.033029 0 0.020000 0.008000 0.012000 0.004000 0.032000 0.040000 0.204000 0.164000 0.000000 0.100000 0.004000 0.012000 0.120000 0.000000 0.012000 0.108000 0.004000 0.000000 0.068000 0.088000
5.000000 -0.031952 0 0.020000 0.008000 0.044000 0.004000 0.016000 0.048000 0.140000 0.152000 0.000000 0.124000 0.000000 0.008000 0.112000 0.000000 0.008000 0.120000 0.024000 0.004000 0.052000 0.116000
5.000000 -0.035216 0 0.024000 0.012000 0.024000 0.008000 0.032000 0.036000 0.164000 0.168000 0.000000 0.152000 0.008000 0.016000 0.084000 0.000000 0.008000 0.092000 0.000000 0.000000 0.044000 0.128000
5.000000 -0.035670 0 0.020000 0.020000 0.032000 0.000000 0.012000 0.036000 0.140000 0.172000 0.004000 0.100000 0.004000 0.016000 0.116000 0.000000 0.012000 0.156000 0.012000 0.000000 0.040000 0.108000
5.000000 -0.038131 0 0.040000 0.016000 0.044000 0.008000 0.020000 0.028000 0.148000 0.152000 0.000000 0.152000 0.008000 0.012000 0.136000 0.004000 0.012000 0.112000 0.008000 0.000000 0.024000 0.076000
5.000000 -0.039918 0 0.024000 0.012000 0.016000 0.004000 0.016000 0.040000 0.184000 0.180000 0.004000 0.096000 0.000000 0.000000 0.148000 0.000000 0.004000 0.100000 0.020000 0.004000 0.020000 0.128000
5.000000 -0.040758 0 0.032000 0.012000 0.052000 0.000000 0.004000 0.032000 0.176000 0.176000 0.004000 0.132000 0.000000 0.016000 0.112000 0.000000 0.004000 0.084000 0.024000 0.000000 0.056000 0.084000
5.000000 -0.044286 0 0.008000 0.020000 0.040000 0.004000 0.012000 0.052000 0.132000 0.172000 0.004000 0.136000 0.004000 0.012000 0.132000 0.004000 0.008000 0.100000 0.008000 0.004000 0.048000 0.100000
5.000000 -0.045746 0 0.040000 0.024000 0.036000 0.004000 0.008000 0.028000 0.136000 0.136000 0.000000 0.152000 0.000000 0.008000 0.136000 0.000000 0.012000 0.108000 0.020000 0.000000 0.040000 0.112000
5.000000 -0.044467 0 0.024000 0.024000 0.052000 0.000000 0.016000 0.032000 0.188000 0.124000 0.000000 0.188000 0.008000 0.016000 0.112000 0.000000 0.008000 0.068000 0.008000 0.004000 0.040000 0.088000
5.000000 -0.045550 0 0.028000 0.012000 0.036000 0.012000 0.012000 0.028000 0.112000 0.156000 0.004000 0.128000 0.008000 0.012000 0.140000 0.000000 0.012000 0.108000 0.016000 0.000000 0.056000 0.120000
5.000000 -0.048042 0 0.028000 0.008000 0.028000 0.004000 0.012000 0.060000 0.140000 0.212000 0.004000 0.104000 0.000000 0.012000 0.144000 0.004000 0.000000 0.076000 0.012000 0.004000 0.048000 0.100000
5.000000 -0.048528 0 0.032000 0.012000 0.048000 0.008000 0.020000 0.040000 0.192000 0.080000 0.000000 0.152000 0.000000 0.004000 0.108000 0.000000 0.012000 0.120000 0.008000 0.000000 0.052000 0.112000
5.000000 -0.046817 0 0.016000 0.008000 0.028000 0.008000 0.016000 0.052000 0.164000 0.200000 0.008000 0.116000 0.004000 0.020000 0.080000 0.004000 0.004000 0.140000 0.000000 0.000000 0.020000 0.112000
5.000000 -0.049552 0 0.032000 0.016000 0.028000 0.004000 0.016000 0.048000 0.148000 0.172000 0.000000 0.092000 0.008000 0.016000 0.136000 0.000000 0.008000 0.104000 0.004000 0.004000 0.060000 0.104000
5.000000 -0.047712 0 0.024000 0.004000 0.036000 0.008000 0.016000 0.032000 0.144000 0.176000 0.000000 0.124000 0.012000 0.016000 0.124000 0.000000 0.004000 0.160000 0.012000 0.000000 0.024000 0.084000
5.000000 -0.052339 1 0.020000 0.004000 0.036000 0.000000 0.016000 0.036000 0.132000 0.132000 0.000000 0.112000 0.004000 0.016000 0.132000 0.000000 0.016000 0.152000 0.012000 0.008000 0.020000 0.152000
